20
7 1
1 0
0 1
1 0
1
1
1
1
9 1
1 0
0 0
1 1
1 1
0
0
0
0
1
5 0
1 1
0 1
1
1
0
7 1
1 0
0 0
1 0
0
0
1
1
19 1
0 1
1 0
1 0
0 1
0 0
1 0
1 0
1 1
1 0
1
0
1
1
1
1
0
0
1
1
17 0
0 1
0 1
0 0
0 0
0 1
0 0
0 1
1 1
0
1
0
0
0
1
0
0
0
5 1
0 1
1 1
0
1
0
15 0
1 1
0 0
0 1
0 1
0 1
1 0
1 1
0
1
0
1
1
1
1
1
19 1
1 1
1 0
1 1
1 0
1 1
1 1
0 0
1 1
1 1
0
1
0
0
0
0
0
1
1
0
23 1
1 0
1 0
1 0
0 1
1 0
1 1
1 1
0 0
1 1
1 1
1 1
1
0
0
1
0
0
0
1
0
1
1
0
11 0
1 0
0 1
0 1
0 1
0 1
0
1
0
1
0
1
17 0
0 0
0 0
0 0
0 1
0 1
1 0
0 1
0 1
1
0
1
0
0
0
1
1
0
3 1
1 0
1
1
5 0
0 1
0 1
1
1
0
11 1
0 1
0 1
1 0
0 0
1 1
1
0
0
0
0
0
21 0
0 0
0 0
0 0
0 0
0 1
0 1
0 1
0 1
0 1
0 1
1
1
0
1
0
0
1
1
0
0
1
23 0
1 1
0 0
1 0
0 0
0 0
1 1
1 1
0 1
0 1
0 1
0 1
1
1
1
1
0
1
0
1
1
0
0
1
21 1
1 0
1 0
1 0
0 1
0 1
1 1
1 1
1 0
0 0
1 0
0
1
0
1
0
1
1
1
1
1
1
29 1
0 1
0 1
0 0
0 1
0 0
1 0
1 0
1 0
1 0
0 0
1 0
0 1
0 0
1 1
0
1
0
0
1
0
0
1
0
0
0
1
1
1
0
23 0
1 0
0 0
1 1
1 1
0 0
1 0
1 1
1 0
0 1
0 1
0 1
1
1
1
1
1
1
1
0
1
1
0
1
