1000
1 1 1
1 2 64
10 10 1
1 1 1
1 2 1
1 2 2
1 3 1
1 3 2
1 3 3
1 4 1
1 4 2
1 4 3
1 4 4
2 1 1
2 1 2
2 2 1
2 2 2
2 2 4
2 2 3
2 3 1
2 3 2
2 3 4
2 3 3
2 3 6
2 3 5
2 4 1
2 4 2
2 4 4
2 4 3
2 4 6
2 4 8
2 4 5
2 4 7
3 1 1
3 1 2
3 1 3
3 2 1
3 2 2
3 2 3
3 2 4
3 2 6
3 2 5
3 3 1
3 3 2
3 3 3
3 3 4
3 3 6
3 3 9
3 3 5
3 3 8
3 3 7
3 4 1
3 4 2
3 4 3
3 4 4
3 4 6
3 4 9
3 4 8
3 4 12
3 4 5
3 4 7
3 4 11
3 4 10
4 1 1
4 1 2
4 1 3
4 1 4
4 2 1
4 2 2
4 2 3
4 2 4
4 2 6
4 2 8
4 2 5
4 2 7
4 3 1
4 3 2
4 3 3
4 3 4
4 3 6
4 3 8
4 3 9
4 3 12
4 3 5
4 3 7
4 3 11
4 3 10
4 4 1
4 4 2
4 4 3
4 4 4
4 4 6
4 4 8
4 4 9
4 4 12
4 4 16
4 4 5
4 4 7
4 4 11
4 4 10
4 4 15
4 4 14
4 4 13
1 1 2
1 1 3
1 1 4
1 2 3
1 2 4
1 2 5
1 3 4
1 3 5
1 3 6
1 4 5
1 4 6
1 4 7
2 1 3
2 1 4
2 1 5
2 2 5
2 2 6
2 2 7
2 3 7
2 3 8
2 3 9
2 4 9
2 4 10
2 4 11
3 1 4
3 1 5
3 1 6
3 2 7
3 2 8
3 2 9
3 3 10
3 3 11
3 3 12
3 4 13
3 4 14
3 4 15
4 1 5
4 1 6
4 1 7
4 2 9
4 2 10
4 2 11
4 3 13
4 3 14
4 3 15
4 4 17
4 4 18
4 4 19
45 45 2026
45 45 2027
45 45 2028
45 44 1981
45 44 1982
45 44 1983
45 43 1936
45 43 1937
45 43 1938
44 45 1981
44 45 1982
44 45 1983
44 44 1937
44 44 1938
44 44 1939
44 43 1893
44 43 1894
44 43 1895
43 45 1936
43 45 1937
43 45 1938
43 44 1893
43 44 1894
43 44 1895
43 43 1850
43 43 1851
43 43 1852
1 50 7
1 50 25
1 50 27
1 50 25
2 50 28
2 50 72
2 50 7
2 50 6
3 50 1
3 50 25
3 50 50
3 50 24
4 50 36
4 50 78
4 50 34
4 50 22
5 50 56
5 50 33
5 50 44
5 50 36
6 50 12
6 50 69
6 50 152
6 50 49
7 50 30
7 50 6
7 50 16
7 50 96
8 50 16
8 50 88
8 50 151
8 50 14
9 50 8
9 50 159
9 50 113
9 50 21
10 50 30
10 50 190
10 50 175
10 50 53
50 1 4
50 1 2
50 1 18
50 1 4
50 2 58
50 2 1
50 2 52
50 2 32
50 3 5
50 3 33
50 3 6
50 3 36
50 4 26
50 4 15
50 4 22
50 4 36
50 5 5
50 5 32
50 5 168
50 5 44
50 6 28
50 6 15
50 6 51
50 6 18
50 7 104
50 7 130
50 7 156
50 7 156
50 8 65
50 8 149
50 8 60
50 8 190
50 9 50
50 9 56
50 9 93
50 9 48
50 10 84
50 10 133
50 10 160
50 10 90
35 5 69
43 36 1026
48 10 73
3 11 9
20 15 30
13 37 72
7 30 78
31 16 38
44 34 250
9 43 91
20 39 234
34 23 57
50 25 86
31 10 43
18 7 6
3 20 22
28 45 245
20 18 198
3 15 9
15 16 16
17 1 10
38 39 300
34 23 286
14 16 72
6 9 5
14 10 42
7 46 69
50 43 74
2 16 10
30 2 27
41 33 151
22 48 76
17 30 134
4 35 88
42 11 104
20 35 10
1 22 2
4 37 32
20 39 155
11 45 51
20 4 32
40 46 54
13 22 8
6 49 14
11 6 33
32 29 150
29 45 654
44 49 1036
24 26 62
47 11 48
35 1 6
18 31 108
20 43 84
43 11 85
19 33 258
10 36 10
30 35 266
24 3 9
11 42 66
47 29 30
6 10 15
35 5 30
32 8 32
22 19 78
29 12 75
6 30 6
47 43 534
7 23 15
36 10 1
11 44 9
39 41 432
3 28 42
40 43 102
19 31 24
43 27 220
50 43 20
14 4 6
17 41 48
11 50 21
12 29 33
21 10 48
48 49 37
20 39 225
38 34 16
43 39 252
31 43 235
21 15 11
3 49 36
31 19 110
37 35 87
38 39 183
48 27 116
47 19 247
46 8 62
4 32 43
29 26 137
16 31 165
37 16 51
34 31 2
48 43 860
50 50 132
50 50 267
50 50 297
50 50 470
50 50 70
50 50 651
50 50 136
50 50 686
50 50 134
50 50 60
50 50 821
50 50 1276
50 50 887
50 50 205
50 50 472
50 50 121
50 50 166
50 50 935
50 50 540
50 50 1291
50 50 728
50 50 711
50 50 706
50 50 230
50 50 58
50 50 559
50 50 176
50 50 766
50 50 47
50 50 172
50 50 264
50 50 1198
50 50 523
50 50 665
50 50 300
50 50 277
50 50 33
50 50 333
50 50 60
50 50 705
50 50 102
50 50 236
50 50 182
50 50 72
50 50 312
50 50 1080
50 50 235
50 50 855
50 50 87
50 50 210
50 50 288
50 50 100
50 50 83
50 50 539
50 50 1066
50 50 330
50 50 404
50 50 1131
50 50 448
50 50 285
50 50 200
50 50 163
50 50 510
50 50 22
50 50 189
50 50 194
50 50 253
50 50 212
50 50 1285
50 50 777
50 50 338
50 50 291
50 50 1154
50 50 70
50 50 160
50 50 144
50 50 352
50 50 1
50 50 10
50 50 292
50 50 115
50 50 47
50 50 204
50 50 984
50 50 259
50 50 391
50 50 503
50 50 429
50 50 130
50 50 352
50 50 298
50 50 839
50 50 292
50 50 360
50 50 412
50 50 85
50 50 126
50 50 290
50 50 172
50 50 374
50 50 332
50 50 902
50 50 308
50 50 760
50 50 864
50 50 210
50 50 229
50 50 841
50 50 1273
50 50 672
50 50 750
50 50 12
50 50 1056
50 50 1295
50 50 18
50 50 421
50 50 184
50 50 243
50 50 1248
50 50 138
50 50 255
50 50 292
50 50 284
50 50 253
50 50 109
50 50 399
50 50 260
50 50 10
50 50 213
50 50 641
50 50 119
50 50 27
50 50 545
50 50 392
50 50 354
50 50 1422
50 50 1148
50 50 512
50 50 582
50 50 90
50 50 38
50 50 683
50 50 404
50 50 19
50 50 204
50 50 252
50 50 55
50 50 375
50 50 56
50 50 110
50 50 1069
50 50 55
50 50 40
50 50 120
50 50 1008
50 50 1535
50 50 112
50 50 278
50 50 120
50 50 1016
50 50 510
50 50 18
50 50 208
50 50 544
50 50 407
50 50 777
50 50 193
50 50 332
50 50 555
50 50 232
50 50 415
50 50 1215
50 50 318
50 50 312
50 50 6
50 50 570
50 50 76
50 50 128
50 50 1056
50 50 294
50 50 1616
50 50 245
50 50 1197
50 50 358
50 50 612
50 50 34
50 50 257
50 50 2107
50 50 290
50 50 5
50 50 81
50 50 178
50 50 510
50 50 384
50 50 466
50 50 584
50 50 422
50 50 57
50 50 1022
50 50 220
50 50 332
50 50 114
50 50 528
50 50 186
50 50 67
50 50 528
50 50 90
50 50 119
50 50 126
50 50 760
50 50 611
50 50 655
50 50 668
50 50 64
50 50 226
50 50 775
50 50 317
50 50 312
50 50 648
50 50 164
50 50 792
50 50 778
50 50 69
50 50 285
50 50 538
50 50 192
50 50 1437
50 50 976
50 50 650
50 50 380
50 50 250
50 50 189
50 50 94
50 50 77
50 50 250
50 50 48
50 50 213
50 50 840
50 50 486
50 50 578
50 50 1036
50 50 936
50 50 606
50 50 44
50 50 201
50 50 406
50 50 391
50 50 1190
50 50 303
50 50 146
50 50 265
50 50 406
50 50 82
50 50 749
50 50 538
50 50 635
50 50 48
50 50 144
50 50 953
50 50 178
50 50 2
50 50 752
50 50 642
50 50 112
50 50 413
50 50 121
50 50 370
50 50 90
50 50 171
50 50 277
50 50 324
50 50 1201
50 50 282
50 50 255
50 50 456
50 50 212
50 50 360
50 50 248
50 50 1821
50 50 860
50 50 222
50 50 1022
50 50 294
50 50 955
50 50 144
50 50 45
50 50 1322
50 50 510
50 50 268
50 50 342
50 50 939
50 50 267
50 50 776
50 50 172
50 50 130
50 50 898
50 50 505
50 50 561
50 50 281
50 50 88
50 50 488
50 50 119
50 50 1129
50 50 582
50 50 64
50 50 105
50 50 159
50 50 166
50 50 122
50 50 420
50 50 495
50 50 44
50 50 1496
50 50 804
50 50 310
50 50 10
50 50 924
50 50 378
50 50 808
50 50 1312
50 50 107
50 50 159
50 50 324
50 50 749
50 50 10
50 50 717
50 50 1345
50 50 84
50 50 136
50 50 608
50 50 925
50 50 341
50 50 536
50 50 162
50 50 476
50 50 177
50 50 602
50 50 1032
50 50 650
50 50 403
50 50 1245
50 50 31
50 50 630
50 50 433
50 50 246
50 50 944
50 50 60
50 50 177
50 50 240
50 50 426
50 50 259
50 50 315
50 50 4
50 50 264
50 50 420
50 50 899
50 50 45
50 50 328
50 50 763
50 50 391
50 50 926
50 50 651
50 50 173
50 50 400
50 50 478
50 50 429
50 50 99
50 50 3
50 50 272
50 50 756
50 50 154
50 50 290
50 50 478
50 50 30
50 50 29
50 50 864
50 50 590
50 50 1146
50 50 67
50 50 492
50 50 186
50 50 690
50 50 484
50 50 304
50 50 280
50 50 57
50 50 280
50 50 472
50 50 11
50 50 147
50 50 11
50 50 43
50 50 1555
50 50 48
50 50 85
50 50 1240
50 50 220
50 50 318
50 50 886
50 50 178
50 50 60
50 50 79
50 50 1132
50 50 201
50 50 63
50 50 460
50 50 272
50 50 458
50 50 617
50 50 147
50 50 708
50 50 46
50 50 792
50 50 408
50 50 255
50 50 542
50 50 71
50 50 487
50 50 798
50 50 511
50 50 223
50 50 277
50 50 120
50 50 342
50 50 148
50 50 402
50 50 597
50 50 398
50 50 399
50 50 116
50 50 429
50 50 15
50 50 388
50 50 104
50 50 482
50 50 142
50 50 10
50 50 806
50 50 1376
50 50 1031
50 50 1074
50 50 98
50 50 1190
50 50 222
50 50 9
50 50 600
50 50 216
50 50 112
50 50 272
50 50 389
50 50 556
50 50 883
50 50 492
50 50 153
50 50 191
50 50 476
50 50 207
50 50 1026
50 50 397
50 50 220
50 50 791
50 50 9
50 50 24
50 50 6
50 50 115
50 50 1468
50 50 240
50 50 230
50 50 1187
50 50 1361
50 50 630
50 50 416
50 50 185
50 50 279
50 50 802
50 50 153
50 50 576
50 50 1524
50 50 178
50 50 156
50 50 228
50 50 254
50 50 166
50 50 38
50 50 199
50 50 310
50 50 432
50 50 99
50 50 671
50 50 652
50 50 405
50 50 784
50 50 595
50 50 261
50 50 712
50 50 260
50 50 1041
50 50 155
50 50 1256
50 50 284
50 50 52
50 50 232
50 50 63
50 50 505
50 50 44
50 50 303
50 50 264
50 50 101
50 50 288
50 50 115
50 50 129
50 50 207
50 50 196
50 50 503
50 50 1020
50 50 13
50 50 629
50 50 271
50 50 433
50 50 822
50 50 796
50 50 465
50 50 145
50 50 98
50 50 1367
50 50 330
50 50 218
50 50 184
50 50 257
50 50 24
50 50 968
50 50 748
50 50 589
50 50 216
50 50 207
50 50 63
50 50 1112
50 50 630
50 50 56
50 50 25
50 50 696
50 50 539
50 50 306
50 50 811
50 50 628
50 50 73
50 50 444
50 50 223
50 50 326
50 50 207
50 50 144
50 50 108
50 50 212
50 50 105
50 50 4
50 50 70
50 50 886
50 50 73
50 50 192
50 50 88
50 50 434
50 50 702
50 50 533
50 50 19
50 50 1101
50 50 224
50 50 562
50 50 816
50 50 1968
50 50 202
50 50 1503
50 50 221
50 50 1402
50 50 1254
50 50 213
50 50 42
50 50 414
50 50 2136
50 50 729
50 50 21
50 50 424
50 50 150
50 50 159
50 50 360
50 50 22
50 50 315
50 50 263
50 50 1200
50 50 276
50 50 98
50 50 90
50 50 218
50 50 280
50 50 704
50 50 719
50 50 71
50 50 432
50 50 323
50 50 302
50 50 37
50 50 299
50 50 51
50 50 2450
50 50 2451
50 50 2452
50 50 2453
50 50 2454
50 50 2455
50 50 2456
50 50 2457
50 50 2458
50 50 2459
50 50 2460
50 50 2461
50 50 2462
50 50 2463
50 50 2464
50 50 2465
50 50 2466
50 50 2467
50 50 2468
50 50 2469
50 50 2481
50 50 2482
50 50 2483
50 50 2484
50 50 2485
50 50 2486
50 50 2487
50 50 2488
50 50 2489
50 50 2490
50 50 2491
50 50 2492
50 50 2493
50 50 2494
50 50 2495
50 50 2496
50 50 2497
50 50 2498
50 50 2499
50 50 2500
