500
99888766542221000000
80202345861310196447
50849202485180232726
23438327784808360365
54748095176211338403
64938116937390819298
44958120879584377604
45555464931620371171
75721975492370002653
78765209992817296465
95984678406940967268
70487447224490842526
51498514264238408115
48313781480478379446
29531486452343575552
51823838904386763485
74462252682601990045
73632023059726457691
66051769506882696330
23847923528372997912
97893286591981865832
58809048892841067561
37281339904201472531
63440919626266844726
16235455281869960666
68062204168029923480
76284340561237934414
11780683658045059147
49096255097622464845
23064213065094455308
10929435253536209770
90006041624695393269
11150070535025840026
34510041212815277476
84191056594970705138
83987186758770974187
81834837523904112762
89204668078168858812
94976859353826878031
80694987561333386430
14267965853602695473
35145219091203473093
64012233133229115458
66493483913162784738
80634055741572342546
72855500562513867574
45217236348889298620
82135270472056176953
90142969356141445114
18498462334473064904
27401498817007755476
52421846133646340248
70521503324573921201
92584148459027124458
27142648709778137972
11671621963438927572
60788858876848227650
48204651072020016683
35604565176823879654
95320116297031633749
15136441022857260935
50251706098506181173
26636089977818506299
22788413113198064656
24408397506022955503
16096163260624214084
51384137987008210679
81115246289759818489
78901747048556816315
79176433284921123001
97957597680489374204
38818098886646775266
39494771600486310249
26487100672523706685
99750123544221901383
50438098948083253957
69800391539244628128
96459820934546889652
11722522518251288144
12097561015339248652
76921561270637027798
20716739963931491026
74864660923356672604
73527733333143725980
83194444849287967985
30686527832608154526
54607086628254471792
69215508621884412070
55055448458704931887
63041441711445833150
30000177232135402781
94286936994884807944
60259847408503291178
85595860934972701121
84648950935894302619
56947177436369512552
60135737809897877031
70853556780089070766
40228640316420150157
48498542978097207543
30593142513976927951
52719160818715679689
36859707801011276089
26150953707835611654
50710103392698794557
18793251786476179681
70631390924810218691
12035499833248242453
72096882267527608552
30522314204567088745
84651942833883613423
46314028376363751216
70997106761219522423
12469740338594420903
66144863655120214206
67177353902024057608
79953860056979815550
50313256222330387534
90941864467142356156
21497893746687244269
75442634569327620502
99306430488570660456
32532465336439095385
60425354267610580463
55734630343386733317
67789491860476825681
37082496682322402546
64763936802134257400
47175202447935998508
38323978408698808873
37469473474967055308
72266233170627118251
28393080543024546707
11495010533774266500
23924636927246825587
25814687818018357584
20906266312771120752
30617381493973773827
11848440874364374773
57503141069182902439
73321274361123467898
95844984363696004567
63712272543784076934
88365339099764665595
54570993081708913958
23842082454545164729
53703358528479834020
10139132273005464069
10206760019558418120
23989724366142462142
47130815046251393046
25075086139394942480
25098176648196725267
51865566375730091496
39771015705047382068
96900086387948432791
53624862387346810520
90052859564159339427
43057133554052795495
92527750237228889214
57192801300404970129
24359716977001984201
57505960513445133060
35420685681417670708
36244268066217285064
50265856437456559516
59986715061503617162
39845507047411379129
27153571222303544453
15854403224872914954
31894851221908954569
48463542199150121314
50709058781795959265
55219681045814653709
58556726225368730380
65830670040543326879
14302973237384786199
50386355157625305337
24446067075836886906
31572939627665045864
57572098535303601531
86219887505939337721
19747043750985107952
55028741160454652216
34014478494654519279
90917995364561675136
33975566223181867693
84600277086359913534
90827272401177652634
94875837063779636664
90174948354093050448
98686015187937817962
94817551026514533613
25015358459187207074
91028097192388694593
55905919854334540599
88160622261410646528
96432327167633050971
33165274731524207759
70162478718255366890
27853762971959703953
56183296320318123998
50848586189578228323
94972908113992539749
43691294952689201461
40935507169389852862
66977456515326864131
99333590171481885203
84185919131607742516
81951820188790020346
83430051828153376648
53954290356076015183
20699255039695670228
38221599247441735381
72011841659786741132
89058532178726284787
41348630781819094127
92193383800630140561
52511582393355073460
20480143385035799107
50060889021200354862
90174644378410917345
46544928220044958013
61601885277399027734
65856661640100220358
20001411861750997693
94619538475166419670
23461975033369050015
93325565158369561434
70210419798805927626
26330646621326467522
16083685660042617399
49082094914288259277
82479115395669435452
60079959305034224834
50328387873333435409
17001095367727481513
11870875769240180295
76694441323305343257
18787176732393259785
49905361143842721073
34065688003725594160
12999933417392455872
18237613689969805671
61242927275910754571
37440682108575367469
89898538849678992747
57314814517824370801
49589221133649731614
33416027140065668951
86092637146400786450
75875149866688798325
10627558557460462380
28649356425172579022
49170478678012150485
80437244699526625849
98751131549151712207
90434000522894962306
27529223474046573127
81186028421106452784
98851164100861434329
13128762777498678134
81603103884088163018
21591973140599011971
99620835112726077075
34651542521979047016
74607667404243982240
37409286242210326910
64294092463941123232
81616691052974615430
51809043899101689112
80577777533569071589
54375195342794188454
90116106337469960655
81300970898349123527
26017822173615978265
100000000000000000000
10109045962835258620
50921396080366608275
20075626488509582377
67783428539201498238
42849922990120800057
95448220319442629279
25183604711364671070
44281613513977402197
64095621733316056802
13856304375860892797
23209055362482187408
22777880846383095966
55500428430616002688
99250697922760926039
25367728935835361475
48619958598416444497
65043828404415422013
41633965617860618892
55656488083528724936
83214969385264623501
87341707026994325089
43952609005314231287
11126651276731566408
99435686430968838330
99726568081689578704
55800090508910370765
53739114181832773537
32299454211766144861
20685388571539107907
28988615087654095498
50833753557755912409
91780944405511966199
65334372842429075844
88573737035390873161
20857189988270305897
71367133432633594989
45559218057424794738
69407477750113884439
17258629722677141081
42801034077844825420
55548945260484732717
33347860571816737145
65864653494009236063
27965710559154599483
10795894946735222606
25737082451391242325
42111748764378475617
25759096020873785919
18606177415386904008
13919115314302068627
68660667208727990934
77013054541809612368
28804759568896702212
46901862090701366949
40224267157647679066
30657448042190587548
47450437079387822474
18960734473315997330
77573004262536480736
69907844000901103029
36816935194974533527
18356157920379114693
30997666800457681865
25689976959844370501
67513431118215421474
39932845910723244418
72795547816566775387
71561047654038884943
31660917723261799414
96882744325581865529
77612778058697909461
71526450062261558067
81673250023639715234
23668406827799751030
46693601807587794516
83781024895305260930
38897702456400856194
56968005485682087449
16154786609986173662
60670806709007876721
45476873792124435399
18643503097503491541
54149157215066122562
76851638740348445768
56807087341484669294
50224020758244314120
88804570489257201708
18310686080202463899
70944123382911657750
86584403920964785228
64183764497783134139
26405682579130753425
21533630846092004065
94570351556829214182
50006911911427817184
68618560872076726260
38876616338592653781
77744868651835083929
47950765389244315934
90550318141013787711
51478990724994148824
75825198859340012908
58133115158450757866
58139996921346773557
50084717738255864310
15984555712606396727
54634666176363887012
83638263692739653270
49596919627827054492
55591488711302246419
24672456200575352553
26581374998058124654
40136286673419627181
57150733544792925178
93014328621459951699
92247743622284985295
10110670268045792293
63462389431697981058
11467186375985817184
20443054166467995187
55751934037876678474
79676403687013842514
97398424317548733095
38261170803340420911
72874020295573546325
26543552838409716903
20728434293767564090
73723095364994872372
84179220408470461975
60581555384182781383
77065483360152319911
74788059388651168350
29287234854417124711
32004337663714644301
48492885577561435069
17049703276795216765
97922171799242017954
24976375012630244578
43219883480686540547
13848217704977513591
49405080697132758332
88690243126572216783
64529401963377514236
59197815224075495627
47226459030300846178
94314993654400660303
74962897277054780922
30108233384601848286
68609710095854192075
25801692675500420898
30999430365505602212
70951629227738950380
50484372789386483182
49028854462032682877
80803423787198441052
30627391338168190358
29567773276253157509
60347905916046459726
54192984218474855936
86083313397451008087
28896404546190754064
92482794360253883065
77659746246554946675
42564234739237296371
37272225688868361834
82898092552945382979
17812821766994791769
43896048922371405305
32128829224207814058
92247243840431251311
90227746231121632167
41266158287598326275
35677001200872820257
19590270974253862042
72692887642824322832
98832309467958564851
91590799454393245758
19731174422083738393
65498243857927877357
39613789645634511011
46165179242834154324
90959890524666113021
24320601075217253107
78064689219323939020
21347004529431719795
13589355674815819062
84920010053432092801
89046006239619517869
26628537928807007062
70405060431676417003
40740753612909036144
11841343938816835209
94666172961022388579
32029854371202374969
44723941137651530650
75753622096476359247
67070239017965807021
15910290869925249632
90078863029981843960
66744528031580334259
10945976939621072529
85884903476626625989
41612610909905046831
51417277149623434142
30204693235788632605
38654277818948749183
28038144274904338948
37899818864055790424
57018727534730719121
49031022666401068227
17643257150143425588
53400420130808754782
84366523739257979268
59993246570761461093
47618733252488663449
47161319728930440017
21988415351626049475
80984771023445230778
54655414000317830696
70627635438294580719
24433579210239078008
21923847499160815869
11150053502007137943
