99
2
2 1
3
1 3 2
4
2 1 4 3
4
1 2 3 4
4
1 2 4 3
4
1 3 2 4
4
1 3 4 2
4
1 4 2 3
4
1 4 3 2
4
2 1 3 4
4
2 1 4 3
4
2 3 1 4
4
2 3 4 1
4
2 4 1 3
4
2 4 3 1
4
3 1 2 4
4
3 1 4 2
4
3 2 1 4
4
3 2 4 1
4
3 4 1 2
4
3 4 2 1
4
4 1 2 3
4
4 1 3 2
4
4 2 1 3
4
4 2 3 1
4
4 3 1 2
4
4 3 2 1
1
1
30
1 2 21 4 5 6 7 8 9 10 11 12 13 14 15 16 17 18 19 20 23 22 27 24 25 3 26 28 29 30
999
627 460 360 645 713 864 335 458 618 899 802 439 940 537 302 312 258 208 579 353 276 804 917 37 87 189 442 427 257 299 216 700 250 687 768 547 779 951 513 621 289 578 6 869 565 629 639 693 732 405 807 186 134 59 787 797 337 32 96 600 31 620 262 320 751 538 78 57 138 163 963 581 731 470 764 135 45 593 667 794 462 278 650 854 61 376 90 379 386 361 571 767 63 540 64 321 893 264 424 131 628 450 730 252 256 53 157 367 318 82 55 147 941 295 307 271 270 615 168 912 742 960 657 825 793 518 607 566 448 309 552 40 345 983 503 481 868 290 428 102 858 778 582 509 120 385 900 185 969 288 988 165 478 77 123 863 209 285 441 54 330 586 959 210 282 580 445 871 541 890 347 247 920 769 721 674 9 291 573 129 390 722 757 281 158 389 488 879 614 381 331 164 906 760 558 364 479 971 998 133 626 530 842 170 867 192 314 12 683 915 557 672 753 20 974 870 942 266 654 801 543 821 155 324 183 678 719 356 67 661 329 44 370 916 785 119 914 749 301 641 332 516 463 892 132 945 39 903 943 949 234 788 712 13 342 425 218 919 675 136 799 144 776 413 929 396 387 966 235 862 465 907 714 510 956 169 745 433 690 705 207 865 484 421 837 68 187 697 913 79 393 93 176 878 924 436 791 16 29 676 602 498 720 28 857 146 795 474 743 561 287 953 406 51 995 883 889 702 300 622 173 655 873 567 885 997 806 415 84 100 182 545 477 220 660 4 60 739 783 242 88 656 532 671 52 902 986 616 159 500 455 71 139 311 272 550 609 947 349 304 851 756 789 770 333 991 507 984 404 148 382 747 508 15 224 828 469 548 568 703 699 519 762 542 638 709 263 772 440 471 948 698 81 399 259 485 245 604 114 280 238 688 733 432 374 267 153 363 161 365 497 816 682 811 839 402 517 855 523 416 19 898 150 666 796 89 823 472 880 814 813 937 634 911 925 181 392 533 975 583 274 219 936 927 877 201 70 268 200 373 111 166 375 2 946 86 805 980 888 962 800 662 476 585 172 468 137 341 418 430 724 531 149 642 152 635 527 431 651 599 334 921 572 326 104 591 861 576 377 466 362 42 551 612 255 459 162 664 824 506 117 293 91 230 154 876 95 400 932 521 105 717 901 85 748 217 211 958 993 692 239 160 451 101 677 679 633 826 708 240 244 904 546 968 613 14 841 127 452 10 728 151 608 496 808 47 253 383 126 663 659 98 640 684 554 933 505 706 652 619 648 881 570 246 665 810 736 323 734 976 388 221 419 848 283 203 408 83 574 340 859 359 589 265 860 371 420 69 680 251 522 180 384 198 174 352 835 491 977 215 328 315 999 950 763 707 118 685 741 229 849 754 121 686 596 107 429 275 981 487 140 206 294 575 184 358 511 766 414 41 784 8 43 987 195 50 549 453 409 38 225 617 934 819 395 961 243 25 357 536 62 631 790 786 74 143 325 167 812 803 836 781 339 372 75 473 34 380 938 292 499 590 310 191 355 237 822 437 303 502 145 177 992 852 711 464 438 297 544 412 524 954 141 222 809 529 774 515 422 467 306 832 673 190 588 128 727 17 563 882 759 338 737 560 750 535 853 493 512 449 755 761 214 704 188 970 926 391 73 965 296 308 559 526 636 605 689 723 792 886 598 56 125 658 394 553 261 887 3 417 317 939 897 735 844 595 501 587 202 286 528 696 979 80 758 624 443 236 178 555 490 603 896 895 444 369 273 327 982 710 935 978 94 874 5 856 343 26 344 434 923 746 928 989 973 611 866 646 322 232 564 426 397 305 569 446 952 944 891 378 194 112 840 277 725 231 233 765 122 644 254 366 972 76 30 483 514 884 249 691 106 319 97 46 368 411 403 918 410 27 401 49 260 65 831 601 116 36 905 435 279 833 197 930 212 843 643 486 525 24 223 227 115 175 398 718 818 695 716 584 492 11 817 142 534 562 480 908 715 798 520 457 461 72 284 354 199 922 348 350 744 647 7 108 623 22 668 740 21 592 996 489 827 910 110 694 909 990 820 994 985 594 847 846 103 875 777 815 649 495 241 494 58 771 955 179 504 196 670 423 193 113 872 99 775 681 269 931 130 738 829 475 171 92 838 156 228 894 109 556 701 637 48 447 482 124 313 830 66 298 632 729 248 456 577 625 213 454 33 18 964 630 850 610 957 336 35 597 752 539 726 407 606 773 204 669 967 226 205 845 1 653 346 23 782 834 351 316 780
998
111 927 895 7 385 13 951 540 308 319 751 752 887 410 670 82 418 541 781 311 992 522 323 793 840 214 144 37 395 711 666 102 837 828 368 812 422 881 575 774 569 430 433 971 664 639 267 496 101 390 384 537 372 640 49 956 685 103 921 236 880 491 261 716 104 601 760 718 533 872 303 5 726 916 436 722 792 272 178 934 964 29 952 42 521 539 327 767 576 796 810 756 19 674 845 988 724 919 248 134 45 683 279 968 315 771 911 409 684 355 194 208 426 130 374 229 300 36 642 577 247 413 469 922 72 4 312 748 893 795 585 105 95 890 806 302 420 56 55 485 394 412 863 611 201 690 226 824 867 549 48 195 700 706 116 225 811 839 501 223 147 816 17 124 405 662 745 507 204 143 870 609 842 332 23 46 269 224 719 573 41 233 873 131 25 431 175 512 603 122 502 417 274 737 197 958 548 16 457 734 659 364 904 578 126 948 292 897 156 401 530 626 429 275 519 438 558 18 702 532 953 570 326 83 739 510 623 624 650 497 946 258 188 240 305 551 339 177 139 779 799 823 199 96 998 237 961 654 637 221 213 276 466 861 663 285 88 862 473 370 656 909 977 112 160 691 461 354 602 449 128 34 610 832 200 906 382 641 564 351 489 531 844 513 848 696 800 89 293 181 463 381 742 232 937 699 286 606 228 720 949 3 26 649 207 651 66 708 298 955 827 593 698 598 553 442 280 899 70 64 406 367 205 107 373 414 171 403 851 929 250 504 858 833 153 60 352 588 53 821 622 348 408 871 617 714 608 882 986 407 613 371 801 813 230 838 529 688 749 947 185 389 562 288 459 458 494 599 472 14 775 451 212 246 445 568 486 379 480 140 940 876 238 694 807 52 400 321 803 978 697 757 492 209 969 477 295 331 780 879 427 646 625 346 441 912 635 127 859 938 92 715 962 960 552 567 864 85 835 500 679 738 266 963 306 402 242 329 50 231 468 943 520 222 877 542 125 509 704 754 133 166 117 528 297 202 643 98 852 618 167 345 869 498 162 860 361 973 399 592 150 935 404 80 731 176 517 471 366 415 686 596 59 123 446 687 889 358 990 135 560 54 787 191 476 249 594 376 616 483 47 620 733 324 499 631 411 776 853 944 903 179 750 69 32 765 607 40 991 387 90 809 856 169 836 184 359 462 268 100 826 356 667 93 619 917 563 604 141 515 936 1 931 712 518 849 652 525 628 206 113 759 695 942 538 215 974 854 850 68 234 320 8 586 981 950 884 621 440 677 915 21 474 155 939 770 896 277 38 6 559 344 259 78 154 766 886 888 454 470 703 868 28 600 432 970 965 244 717 168 362 632 647 314 772 506 71 763 997 448 878 186 907 900 645 378 383 158 744 831 172 495 94 203 375 264 453 554 62 301 581 736 761 655 883 424 967 291 196 555 120 79 30 615 866 317 350 217 464 535 815 941 924 192 945 190 658 333 325 680 933 802 151 81 682 416 747 808 421 334 115 730 481 505 589 106 137 397 435 701 108 665 61 894 825 590 490 145 273 304 316 928 189 365 235 957 347 729 65 834 74 979 211 57 983 91 636 728 377 109 727 875 925 791 773 310 855 723 972 725 396 165 572 630 669 157 547 218 583 73 544 434 161 227 580 571 243 475 857 574 627 753 660 982 898 452 493 743 439 35 746 24 987 817 210 119 788 902 43 818 805 447 846 467 138 183 132 675 182 932 437 985 357 629 648 514 930 819 159 672 721 294 984 163 661 755 926 914 309 954 764 829 428 270 769 340 614 865 51 170 503 783 173 76 892 353 536 822 296 360 313 15 479 392 591 673 193 976 597 256 423 975 27 180 980 129 797 110 341 488 566 148 785 830 523 557 676 456 22 121 546 257 989 689 804 634 142 908 692 330 271 584 482 905 174 187 337 920 283 152 255 709 77 44 959 484 2 740 487 460 478 33 782 910 307 758 425 545 668 847 349 363 67 342 874 219 241 678 444 638 369 419 290 526 336 820 993 918 786 450 556 777 814 732 260 778 789 693 671 710 587 281 220 388 335 516 633 343 146 784 118 705 524 252 9 149 114 10 644 284 198 605 543 282 393 251 994 735 58 136 913 612 287 39 794 901 657 681 11 465 254 966 790 582 891 713 996 455 318 550 31 762 841 63 768 508 741 20 398 707 561 289 527 338 328 253 595 75 511 579 263 216 87 265 278 443 84 12 995 923 653 843 86 798 299 164 386 97 245 262 565 885 99 322 534 391 239 380
1000
1 2 3 4 5 6 920 835 9 10 832 405 276 14 15 16 17 18 19 20 21 22 23 24 25 26 27 28 29 30 259 32 33 34 35 379 37 38 39 40 41 42 43 44 45 46 47 48 49 50 51 52 53 525 55 56 57 58 59 60 767 62 265 595 65 66 67 68 69 70 71 976 73 74 75 76 77 78 79 80 81 82 83 84 85 86 87 315 89 90 820 92 906 94 95 96 105 98 449 100 281 102 103 104 97 106 107 108 109 110 111 112 113 114 115 141 117 118 119 987 121 122 123 124 637 126 127 128 163 130 131 132 133 134 135 151 137 138 239 140 116 142 143 144 145 174 199 148 149 150 136 152 153 154 155 156 157 158 159 160 161 162 129 164 165 166 709 168 169 170 171 172 173 146 175 176 177 178 179 180 181 182 183 184 316 186 187 188 189 190 469 364 193 194 195 196 197 198 147 200 201 202 203 204 205 206 207 208 209 210 211 212 344 214 215 216 217 218 219 220 221 222 223 478 225 226 227 228 229 230 231 451 233 234 235 981 237 238 139 240 241 242 243 244 966 246 247 248 249 250 930 252 253 512 255 256 257 258 31 260 261 262 263 264 63 266 267 268 437 270 271 272 273 274 896 13 277 278 279 280 101 282 283 284 285 286 287 288 289 290 291 292 293 294 295 567 742 298 299 300 301 302 303 304 305 306 401 308 309 310 311 312 313 314 88 185 986 988 319 320 321 322 323 833 325 326 327 328 329 330 331 332 333 334 335 336 337 338 339 340 341 342 343 213 782 346 347 348 349 350 351 352 353 495 355 356 357 358 359 360 361 362 363 192 365 366 367 500 369 370 371 372 373 374 375 376 377 378 36 380 381 382 383 384 385 386 387 388 389 390 391 392 393 394 395 396 397 398 399 400 307 402 403 404 12 406 625 408 409 410 411 518 413 414 415 416 417 418 419 420 421 422 423 424 425 599 427 428 429 773 431 432 433 434 435 436 269 438 439 440 441 442 443 444 445 446 447 448 99 450 232 452 453 454 455 456 457 458 459 460 461 462 504 464 951 466 467 468 191 470 471 472 473 474 475 476 477 224 479 480 481 482 483 484 485 486 487 488 489 490 491 492 493 494 354 496 497 498 499 368 501 502 503 463 505 506 507 508 509 510 511 254 513 514 515 516 786 412 519 520 521 522 523 524 54 526 527 528 529 530 531 532 533 534 535 536 537 538 539 540 541 542 543 544 545 546 547 933 549 550 551 552 553 554 555 556 557 558 559 560 561 562 563 564 565 566 296 568 569 570 571 572 573 574 575 576 924 578 579 580 581 582 583 584 585 586 587 588 589 590 591 592 593 594 64 596 597 598 426 600 601 602 603 604 605 606 607 608 609 610 611 612 613 614 615 616 816 618 619 620 621 622 623 624 407 626 627 628 629 630 675 632 633 634 635 636 125 638 639 640 641 642 844 644 645 756 647 648 649 650 651 652 653 654 655 656 657 658 659 660 661 662 663 664 665 666 667 668 669 670 671 672 673 674 631 676 677 678 679 680 681 682 683 684 1000 686 687 688 689 690 691 692 693 694 695 696 697 698 699 700 701 702 703 704 705 843 707 708 167 710 711 712 713 714 715 716 717 718 719 720 839 722 723 724 725 726 727 728 729 730 731 827 733 734 735 736 737 738 739 740 741 297 743 744 745 746 747 748 749 750 751 752 753 754 755 646 757 758 759 760 761 762 996 764 765 766 61 768 769 770 771 912 430 774 775 776 777 778 779 780 781 345 783 784 785 517 787 788 789 790 791 799 793 794 904 796 797 798 792 800 801 802 803 804 805 806 807 808 809 810 811 812 813 814 815 617 817 818 819 91 821 822 823 824 825 826 732 828 829 830 831 11 324 834 8 836 837 838 721 840 841 842 706 643 845 846 847 848 849 850 851 852 853 854 855 856 857 858 859 860 861 862 863 985 865 866 867 868 869 870 871 872 873 874 875 876 877 878 879 880 881 882 883 884 885 886 887 888 889 890 891 892 893 894 895 275 897 898 899 900 901 902 903 795 905 93 907 908 909 910 911 772 913 914 915 916 917 918 919 7 921 922 923 577 925 926 927 928 929 251 931 932 548 934 935 936 949 938 939 940 941 942 943 944 945 990 947 948 937 950 465 952 953 954 955 956 957 958 959 960 961 962 963 964 965 245 967 968 969 970 971 972 973 974 975 72 998 978 979 980 236 982 983 984 864 317 120 318 989 946 991 992 993 994 995 763 997 977 999 685
48
23 2 30 12 47 18 7 8 42 10 9 37 32 24 15 44 17 6 11 26 20 1 45 3 21 13 29 16 31 5 46 14 28 4 19 36 38 27 39 40 41 34 43 25 22 35 33 48
1000
844 332 270 415 715 741 150 798 781 668 546 717 432 985 16 15 251 331 920 516 417 858 68 27 600 181 24 835 983 225 434 261 838 367 874 757 678 195 680 841 81 743 44 43 877 826 436 328 697 652 635 271 707 500 651 575 623 902 873 247 320 778 679 114 375 192 435 23 714 563 803 86 904 670 309 987 663 238 722 662 41 548 738 133 526 72 997 761 774 277 465 430 969 222 816 932 641 420 362 756 695 312 511 634 232 525 750 119 982 291 924 424 530 64 164 523 440 296 108 175 550 565 408 187 669 810 444 506 608 450 441 686 84 780 908 313 370 194 427 451 859 484 534 280 568 812 594 533 970 7 278 198 724 230 423 696 252 378 449 235 625 372 196 115 352 910 758 562 393 737 649 490 179 368 120 691 726 862 173 921 26 577 373 297 240 729 124 345 842 473 485 66 701 138 38 163 884 152 264 488 843 779 840 795 365 642 263 244 537 898 991 906 257 785 814 882 487 968 811 622 804 94 752 745 30 636 854 246 514 154 934 105 475 482 160 821 793 78 618 185 605 363 496 208 290 228 60 972 341 833 17 157 501 928 518 289 213 703 822 806 32 647 207 199 960 633 879 887 495 3 52 439 632 572 770 447 90 151 850 144 852 768 864 477 617 561 766 955 256 245 110 789 452 698 923 118 184 926 624 875 704 736 913 381 706 650 674 579 75 961 602 102 136 626 675 519 954 801 390 61 467 894 398 963 792 1000 512 48 536 558 18 2 615 403 659 880 787 580 639 513 249 422 629 491 188 539 671 815 957 981 977 165 733 999 438 951 716 936 446 728 891 99 242 992 205 405 34 174 555 137 980 162 183 547 65 855 723 158 595 808 304 570 783 788 881 976 693 869 856 319 416 790 169 654 791 528 937 323 753 909 860 805 334 428 366 713 682 123 529 667 683 754 946 837 4 391 21 688 677 98 445 342 155 112 676 553 139 404 965 92 868 13 571 31 67 47 593 355 272 117 131 996 952 127 421 359 276 730 159 130 140 293 520 974 998 470 944 749 531 760 763 871 867 559 91 836 321 590 492 456 948 848 190 929 233 613 284 931 782 660 915 234 950 142 191 769 217 200 665 172 344 469 930 903 269 243 813 690 847 54 253 845 586 710 592 128 947 767 927 552 103 327 340 229 809 20 731 255 316 453 883 664 116 609 106 85 612 396 409 113 459 583 148 143 719 329 209 959 346 628 971 574 820 672 709 11 374 82 953 121 598 510 426 799 369 619 611 330 464 585 286 168 70 699 122 739 576 145 687 382 433 274 911 542 56 567 182 886 308 338 621 978 532 603 560 503 734 917 949 468 823 505 437 147 379 705 831 551 828 25 631 311 584 941 241 643 878 129 524 994 557 527 476 630 333 830 285 239 556 863 581 220 57 299 161 314 692 540 343 614 601 273 266 104 51 226 889 673 339 865 97 206 606 702 938 964 262 684 171 306 55 50 943 394 802 748 914 773 335 480 681 80 77 522 489 893 410 10 125 74 347 544 638 307 315 425 419 37 63 39 661 407 411 648 708 132 569 418 984 498 176 627 387 890 101 156 49 294 564 786 193 644 258 301 596 305 53 685 545 504 846 892 406 69 5 357 12 896 535 772 925 79 377 153 993 177 888 360 186 448 517 776 353 587 746 302 170 83 566 958 6 839 42 853 224 735 995 656 458 107 966 223 399 412 905 100 36 167 919 460 88 825 461 935 962 287 508 282 486 275 866 720 658 89 940 732 933 62 202 134 9 479 383 876 214 700 337 384 292 392 395 325 237 939 204 990 857 8 554 942 318 655 71 221 402 260 827 380 515 126 219 146 497 215 348 95 945 956 851 543 236 259 591 986 762 46 807 599 989 616 597 967 250 895 28 466 414 33 742 203 40 189 201 1 502 711 499 472 900 279 819 281 744 227 376 389 797 22 141 401 988 178 620 283 640 771 463 431 388 885 462 918 59 35 300 784 45 607 267 336 385 216 521 197 870 578 268 727 637 694 361 712 666 322 834 718 922 210 979 849 975 58 494 73 755 212 973 135 400 166 573 916 303 657 481 912 588 872 759 19 180 897 295 111 721 298 509 254 474 493 478 96 777 231 764 358 397 645 794 775 604 800 653 457 817 413 507 471 589 483 356 443 549 317 288 818 349 740 538 265 310 765 324 646 429 751 832 218 93 149 541 248 907 454 901 386 351 582 899 371 350 109 29 689 14 824 76 861 829 796 211 364 725 610 747 442 87 455 354 326
1000
1 844 3 4 165 6 527 8 9 10 11 12 13 14 15 16 17 18 19 20 21 22 23 24 25 30 27 28 29 26 31 32 33 495 412 36 37 38 39 40 830 42 43 44 45 574 47 48 49 50 51 52 53 54 55 56 57 58 59 60 61 62 63 64 65 66 141 68 69 70 71 72 73 74 75 76 77 78 79 80 81 82 83 84 85 86 178 116 89 90 91 92 93 94 95 96 100 460 99 97 101 102 103 104 105 106 107 108 109 110 111 112 113 804 115 88 117 118 818 120 121 122 123 124 125 126 127 128 129 130 131 132 133 134 135 136 137 998 139 140 67 142 143 144 145 146 147 148 149 547 151 152 153 154 155 156 157 158 159 160 161 162 163 164 5 166 167 168 169 170 402 172 173 174 175 176 177 87 179 180 181 182 183 184 185 186 187 188 189 190 191 192 193 194 195 196 197 198 199 200 201 202 203 204 205 206 207 226 209 210 211 212 448 214 215 216 217 218 219 220 221 222 223 520 225 208 350 228 229 230 231 232 233 234 369 236 237 238 239 240 241 242 243 244 245 497 247 248 249 250 251 252 253 254 255 256 257 258 259 260 261 907 263 264 265 266 267 430 269 270 271 272 273 274 275 276 277 278 778 280 281 282 283 284 285 286 287 288 731 290 291 800 293 294 295 296 297 298 299 300 301 707 303 304 305 662 307 338 309 310 311 312 313 314 315 316 317 318 319 320 321 322 323 324 325 326 327 328 329 330 331 332 333 334 335 336 337 308 339 340 341 342 343 344 345 346 347 348 797 227 351 352 353 354 703 356 357 358 359 360 361 362 363 364 365 366 367 368 235 370 371 372 463 374 375 376 377 378 379 380 381 382 383 384 385 386 387 596 827 390 391 392 393 394 395 843 397 398 399 400 401 171 403 404 405 406 675 408 409 410 411 35 413 414 415 416 417 418 594 420 421 422 423 424 950 426 427 428 429 268 431 432 433 434 435 436 437 618 439 440 441 442 443 444 445 446 447 213 449 450 451 452 453 454 455 456 457 458 492 98 461 462 373 464 465 466 467 468 968 470 471 472 473 474 475 476 477 478 479 480 481 482 483 484 485 486 487 488 489 490 491 459 493 494 34 496 246 498 499 500 501 502 503 504 505 506 507 508 509 989 511 512 513 514 515 516 517 518 519 224 521 522 523 524 1000 526 7 528 529 530 531 532 533 534 535 536 537 538 539 540 541 542 543 544 545 546 150 548 549 550 551 552 553 554 555 556 557 558 559 560 561 562 563 564 565 566 567 568 569 570 712 572 573 46 575 576 577 578 910 580 581 582 583 584 585 586 587 588 589 590 591 592 593 419 595 388 597 598 599 600 601 602 603 604 605 667 607 608 609 610 611 612 613 614 615 616 617 438 619 620 944 622 623 624 625 626 627 628 629 630 631 632 633 634 764 636 637 701 639 640 641 642 643 644 645 646 647 648 649 650 651 652 653 654 655 656 657 658 659 660 661 306 663 769 665 666 606 668 669 670 671 672 673 674 407 676 677 938 679 680 681 682 683 684 685 686 687 688 689 690 691 692 693 694 695 696 697 698 699 700 638 702 355 704 705 706 302 708 709 710 711 571 713 714 715 716 717 991 719 720 721 722 723 724 725 726 727 728 729 730 289 732 733 734 735 736 737 738 739 740 741 742 743 744 745 746 747 748 749 750 751 752 753 754 755 756 757 758 759 760 761 762 763 635 765 766 767 768 664 770 771 772 773 774 775 776 777 279 779 780 781 782 783 784 785 786 787 788 789 790 791 792 793 794 795 796 349 798 799 292 801 802 803 114 866 806 807 808 809 810 811 812 813 814 815 816 817 119 819 820 821 822 823 824 825 826 389 828 829 41 831 832 833 834 835 836 837 838 839 840 841 842 396 2 845 846 847 848 849 850 851 852 853 854 855 856 857 858 859 860 861 862 863 864 865 805 867 868 869 870 871 872 873 874 875 876 877 878 879 880 881 882 883 884 885 886 887 888 889 890 891 892 893 894 895 896 897 898 899 900 901 902 903 904 905 906 262 918 909 579 911 912 913 914 915 916 917 908 919 920 921 922 923 924 925 926 927 928 929 930 931 932 933 934 935 936 937 678 939 940 941 942 943 621 945 946 947 948 949 425 951 952 953 963 955 956 957 958 959 960 961 962 954 964 965 966 967 469 969 970 971 972 973 974 975 976 977 978 979 980 981 982 983 984 985 986 987 988 510 990 718 992 993 994 995 996 997 138 999 525
25
1 2 3 4 5 21 7 8 9 10 6 25 13 14 15 16 17 18 19 20 11 22 23 24 12
12
4 2 12 9 5 6 7 8 3 1 11 10
2
2 1
1000
937 506 601 640 427 289 617 741 742 589 802 360 300 451 987 416 528 353 78 492 159 452 461 909 926 498 335 932 252 711 453 333 114 805 581 751 807 438 207 905 421 654 313 216 856 562 505 382 130 142 555 88 675 869 152 834 347 2 532 424 489 203 284 861 536 458 179 279 325 954 733 825 844 158 65 316 739 731 87 976 585 466 677 395 292 853 166 311 737 637 163 473 447 400 326 720 390 164 986 756 878 785 738 108 97 306 290 598 836 173 990 791 957 322 608 583 291 822 709 185 469 923 490 723 420 782 920 295 542 623 586 566 222 32 607 611 69 175 702 811 928 36 511 922 930 699 433 128 784 902 609 967 710 343 486 276 112 786 690 701 947 440 997 622 272 217 616 60 638 804 372 267 56 8 373 115 70 707 385 938 6 826 870 323 547 432 462 181 852 656 230 718 659 775 560 365 829 380 752 743 370 879 839 691 57 410 476 754 1 299 386 206 973 904 502 67 463 952 524 891 906 977 894 364 705 384 541 37 748 708 180 875 456 61 133 968 831 545 546 258 817 241 226 744 268 301 14 812 529 183 455 409 223 449 33 523 99 188 235 64 686 72 940 749 202 281 679 963 219 698 858 24 597 9 890 351 700 149 310 327 172 558 184 74 151 211 68 984 796 988 444 821 417 695 398 918 92 125 246 818 781 687 154 450 233 773 129 79 803 227 960 913 903 106 266 685 516 138 408 765 397 168 625 540 958 23 669 789 766 493 897 728 334 169 950 104 85 676 522 107 780 518 367 83 359 762 454 866 165 761 927 81 649 160 44 27 26 573 113 250 527 721 797 470 117 283 627 995 842 872 712 772 961 494 714 412 426 45 413 479 626 508 17 460 76 624 243 972 11 136 582 428 199 422 917 442 75 5 330 884 215 750 187 985 658 974 873 538 778 59 865 862 377 600 610 191 437 228 240 345 662 4 282 286 745 331 660 315 577 224 841 95 170 392 192 190 592 572 116 144 1000 899 496 993 186 309 495 407 401 472 943 557 197 925 823 39 664 307 337 848 121 539 208 80 48 970 983 430 507 651 58 689 459 10 320 253 550 119 910 594 127 141 713 758 680 242 445 931 249 692 156 378 885 229 509 783 332 132 263 519 859 54 328 29 212 402 570 615 41 840 877 633 724 955 439 512 50 883 760 35 73 55 814 771 808 915 362 719 236 118 776 648 520 143 484 297 854 503 269 376 340 971 18 182 296 248 996 140 147 671 341 157 763 464 177 794 134 969 655 843 49 584 308 148 198 635 3 137 653 196 736 726 34 171 948 914 576 661 795 643 936 174 7 764 978 213 838 956 876 366 604 845 42 131 256 599 357 580 908 239 768 124 84 898 214 747 321 716 501 383 641 652 631 441 110 278 806 740 998 389 220 553 293 101 298 30 820 857 100 816 828 38 135 324 860 275 668 630 103 189 375 706 86 254 478 535 684 672 525 730 561 670 94 951 62 798 639 205 941 827 774 949 620 396 945 551 210 571 457 855 517 161 810 162 868 19 98 387 488 591 746 280 907 605 146 244 587 485 715 727 122 851 43 418 356 946 234 683 304 526 893 533 882 405 777 477 980 849 288 612 178 194 46 399 302 729 393 595 336 52 419 613 645 245 251 446 504 403 880 274 371 93 734 665 355 414 150 487 500 305 632 574 935 209 895 237 621 388 606 221 663 629 312 394 667 350 153 491 896 959 703 225 929 965 273 892 232 636 247 787 755 871 77 569 467 271 590 349 28 864 888 819 294 732 847 358 792 25 361 830 63 200 342 120 981 793 646 257 499 111 939 423 123 603 619 919 757 415 991 475 155 40 552 105 391 277 568 911 167 354 381 90 314 352 554 593 901 921 559 693 145 259 813 515 47 912 339 71 195 218 468 992 966 530 788 260 770 657 563 91 481 628 482 514 465 318 497 448 126 21 483 650 16 944 102 346 567 348 666 53 20 889 799 575 287 565 556 549 673 13 379 769 436 261 979 238 924 837 564 368 435 596 933 201 264 429 674 647 231 801 881 874 824 644 953 344 285 474 975 618 406 800 338 815 999 265 735 15 717 543 962 887 363 942 534 510 863 642 537 109 833 634 767 431 900 255 681 722 531 759 579 176 96 443 434 886 790 411 964 753 688 779 31 262 544 697 82 425 588 682 916 602 66 329 934 404 480 989 521 982 678 867 303 317 809 548 139 725 12 374 319 696 578 513 270 614 846 704 193 694 22 832 994 369 204 850 835 51 471 89
50
36 2 3 4 5 6 7 1 9 10 11 12 13 14 15 16 17 18 19 20 21 22 23 24 25 26 27 28 8 30 31 32 33 34 35 29 37 38 39 40 41 42 43 44 45 46 47 48 49 50
999
1 2 3 4 5 6 7 8 9 10 11 12 13 14 15 16 17 18 19 20 21 22 23 24 25 26 27 28 29 30 31 32 33 34 35 36 37 38 39 40 41 42 43 44 45 46 47 48 49 50 51 52 53 54 55 56 57 58 59 60 61 62 63 64 65 66 67 68 69 70 71 72 73 74 75 76 77 78 79 80 81 82 83 84 85 86 87 88 89 90 91 92 93 94 95 96 97 98 99 100 101 102 103 104 105 106 107 108 109 110 111 112 113 114 115 116 117 118 119 120 121 122 123 124 125 126 127 128 129 130 131 132 133 134 135 136 137 138 139 140 141 142 143 144 145 146 147 148 149 150 151 152 153 154 155 156 157 158 159 160 161 162 163 164 165 166 167 168 169 170 171 172 173 174 175 176 177 178 179 180 181 182 183 184 185 186 187 188 189 190 191 192 193 194 195 196 197 198 199 200 201 202 203 204 205 206 207 208 209 210 211 212 213 214 215 216 217 218 219 220 221 222 223 224 225 226 227 228 229 230 231 232 233 234 235 236 237 238 239 240 241 242 243 244 245 246 247 248 249 250 251 252 253 254 255 256 257 258 259 260 261 262 263 264 265 266 267 268 269 270 271 272 273 274 275 276 277 278 279 280 281 282 283 284 285 286 287 288 289 290 291 292 293 294 295 296 297 298 299 300 301 302 303 304 305 306 307 308 309 310 311 312 313 314 315 316 317 318 319 320 321 322 323 324 325 326 327 328 329 330 331 332 333 334 335 336 337 338 339 340 341 342 343 344 345 346 347 348 349 350 351 352 353 354 355 356 357 358 359 360 361 362 363 364 365 366 367 368 369 370 371 372 373 374 375 376 377 378 379 380 381 382 383 384 385 386 387 388 389 390 391 392 393 394 395 396 397 398 399 400 401 402 403 404 405 406 407 408 409 410 411 412 413 414 415 416 417 418 419 420 421 422 423 424 425 426 427 428 429 430 431 432 433 434 435 436 437 438 439 440 441 442 443 444 445 446 447 448 449 450 451 452 453 454 455 456 457 458 459 460 461 462 463 464 465 466 467 468 469 470 471 472 473 474 475 476 477 478 479 480 481 482 483 484 485 486 487 488 489 490 491 492 493 494 495 496 497 498 499 500 501 502 503 504 505 506 507 508 509 510 511 512 513 514 515 516 517 518 519 520 521 522 523 524 525 526 527 528 529 530 531 532 533 534 535 536 537 538 539 540 541 542 543 544 545 546 547 548 549 550 551 552 553 554 555 556 557 558 559 560 561 562 563 564 565 566 567 568 569 570 571 572 573 574 575 576 577 578 579 580 581 582 583 584 585 586 587 588 589 590 591 592 593 594 595 596 597 598 599 600 601 602 603 604 605 606 607 608 609 610 611 612 613 614 615 616 617 618 619 620 621 622 623 624 625 626 627 628 629 630 631 632 633 634 635 636 637 638 639 640 641 642 643 644 645 646 647 648 649 650 651 652 653 654 655 656 657 658 659 660 661 662 663 664 665 666 667 668 669 670 671 672 673 674 675 676 677 678 679 680 681 682 683 684 685 686 687 688 689 690 691 692 693 694 695 696 697 698 699 700 701 702 703 704 705 706 707 708 709 710 711 712 713 714 715 716 717 718 719 720 721 722 723 724 725 726 727 728 729 730 731 732 733 734 735 736 737 738 739 740 741 742 743 744 745 746 747 748 749 750 751 752 753 754 755 756 757 758 759 760 761 762 763 764 765 766 767 768 769 770 771 772 773 774 775 776 777 778 779 780 781 782 783 784 785 786 787 788 789 790 791 792 793 794 795 796 797 798 799 800 801 802 803 804 805 806 807 808 809 810 811 812 813 814 815 816 817 818 819 820 821 822 823 824 825 826 827 828 829 830 831 832 833 834 835 836 837 838 839 840 841 842 843 844 845 846 847 848 849 850 851 852 853 854 855 856 857 858 859 860 861 862 863 864 865 866 867 868 869 870 871 872 873 874 875 876 877 878 879 880 881 882 883 884 885 886 887 888 889 890 891 892 893 894 895 896 897 898 899 900 901 902 903 904 905 906 907 908 909 910 911 912 913 914 915 916 917 918 919 920 921 922 923 924 925 926 927 928 929 930 931 932 933 934 935 936 937 938 939 940 941 942 943 944 945 946 947 948 949 950 951 952 953 954 955 956 957 958 959 960 961 962 963 964 965 966 967 968 969 970 971 972 973 974 975 976 977 978 979 980 981 982 983 984 985 986 987 988 989 990 991 992 993 994 995 996 997 998 999
13
3 2 13 6 10 12 5 4 8 7 9 1 11
49
37 2 3 4 5 6 7 8 9 10 34 16 13 14 15 38 17 18 19 20 12 22 23 24 25 26 27 28 29 30 31 32 33 21 35 1 36 11 39 40 41 42 43 44 45 46 47 48 49
33
1 21 3 25 10 15 7 8 9 5 17 30 32 2 12 16 26 6 19 20 14 22 23 24 18 29 27 28 13 4 31 11 33
4
1 2 3 4
2
2 1
1000
409 2 971 258 875 6 7 8 9 249 11 12 13 494 15 16 221 18 19 20 21 482 973 860 662 26 27 28 247 30 119 593 33 34 35 206 422 38 177 40 41 42 793 44 591 460 243 341 49 50 51 211 558 359 55 480 57 764 352 60 173 62 757 64 954 828 669 176 464 791 71 72 95 796 809 551 77 78 606 80 81 152 83 84 761 683 996 951 458 90 91 471 93 98 73 607 604 94 657 100 101 535 504 104 105 929 107 108 109 110 111 112 650 114 115 116 896 210 31 990 121 293 489 554 862 126 127 842 129 130 131 276 133 134 330 331 580 388 909 313 992 142 283 144 145 146 665 148 416 654 578 82 849 154 155 156 157 891 423 286 567 162 163 563 165 166 255 168 169 170 171 172 61 937 933 68 39 178 179 956 181 182 183 184 304 261 807 188 232 700 191 192 193 372 250 928 466 736 199 200 201 202 203 204 205 36 508 208 619 118 52 440 213 462 215 832 574 758 666 220 17 222 223 224 234 679 227 306 229 516 694 189 647 225 235 745 237 238 239 240 241 407 47 413 245 246 29 376 10 195 251 569 695 446 167 425 257 4 566 260 186 262 825 264 774 266 302 518 752 270 271 272 817 975 275 132 277 278 279 781 281 445 143 284 285 160 287 288 289 339 291 292 122 294 512 296 792 603 299 427 783 267 824 185 333 228 307 308 613 686 661 717 140 314 315 708 741 532 368 320 371 322 323 324 347 326 327 328 329 135 136 952 305 334 335 336 958 804 290 340 48 577 401 344 444 839 325 644 349 350 351 59 353 354 806 356 357 358 54 786 548 362 876 364 365 366 418 319 369 370 321 194 673 374 375 248 377 873 379 380 381 983 383 384 589 386 387 138 519 390 391 392 393 887 395 767 397 398 399 400 343 529 483 404 728 406 242 408 1 410 411 412 244 667 415 149 614 367 419 964 421 37 159 424 256 426 300 428 429 430 431 432 433 505 435 436 521 438 439 212 858 442 984 345 282 254 447 448 449 922 451 497 453 454 455 456 457 89 938 46 947 214 463 69 465 197 467 468 469 470 92 472 473 474 475 476 477 478 998 56 481 22 403 484 485 540 487 565 123 600 491 562 590 14 502 496 452 498 499 500 501 495 994 103 434 506 748 207 509 510 576 295 513 514 515 230 517 268 389 520 437 525 816 524 522 856 527 528 402 742 616 318 533 534 102 536 537 538 539 486 612 542 877 544 957 546 547 361 549 910 76 955 553 124 555 556 557 53 965 560 561 492 164 848 488 259 161 568 252 932 571 572 573 217 799 511 342 151 579 137 581 582 850 584 585 586 587 588 385 493 45 592 32 594 770 601 597 598 882 490 596 602 298 97 605 79 96 608 985 769 611 541 309 417 615 531 617 988 209 620 621 864 837 624 625 626 627 789 629 630 803 632 633 634 635 636 637 638 639 640 641 642 643 348 930 646 233 754 649 113 651 652 653 150 914 656 99 658 659 660 311 25 663 664 147 219 414 668 67 670 671 672 373 674 732 676 677 678 226 680 808 682 86 684 685 310 857 706 689 690 691 692 693 231 253 696 697 698 699 190 701 702 703 704 705 688 707 316 709 967 897 712 713 714 715 716 312 874 719 720 721 722 723 724 725 726 727 405 729 730 731 675 733 966 924 198 737 738 739 974 317 530 743 744 236 746 819 507 749 750 751 269 753 648 755 872 63 218 759 760 85 762 945 58 765 766 396 768 610 595 968 772 773 265 775 776 777 778 779 780 280 782 301 784 785 360 787 788 628 790 70 297 43 794 972 74 797 798 575 800 801 802 631 338 805 355 187 681 75 853 969 812 813 814 815 523 273 818 747 820 821 822 823 303 263 826 917 66 829 830 831 216 833 834 835 836 623 838 346 840 841 128 843 943 845 846 986 564 153 583 851 852 810 854 855 526 687 441 859 24 861 125 863 622 865 866 867 868 869 870 989 756 378 718 5 363 543 878 879 880 881 599 883 884 885 886 394 888 889 890 158 900 893 894 895 117 711 898 899 892 901 902 903 904 912 906 907 908 139 550 911 905 913 655 915 916 827 918 919 920 921 450 923 735 925 926 927 196 106 645 931 570 175 934 935 936 174 459 939 940 941 942 844 944 763 946 461 948 949 950 88 332 953 65 552 180 545 337 959 960 961 962 963 420 559 734 710 771 811 991 3 795 23 740 274 976 977 978 979 980 981 982 382 443 609 847 987 618 871 120 970 141 993 503 995 87 997 479 999 1000
33
1 2 3 4 5 6 7 8 9 10 11 12 20 14 15 16 17 18 19 13 21 22 23 24 25 26 27 28 29 30 31 32 33
999
1 2 3 4 5 6 7 8 9 10 11 12 13 14 15 16 17 18 19 20 21 22 23 24 25 26 27 28 29 30 31 32 33 34 35 36 37 38 39 40 41 42 43 44 45 46 47 48 49 50 51 52 53 54 55 56 494 58 59 60 61 62 63 64 65 66 565 68 69 70 71 72 73 74 75 76 77 78 79 80 81 82 83 84 85 86 87 88 89 90 204 92 93 94 95 773 232 98 467 100 101 102 103 104 105 106 107 108 109 110 111 112 113 114 115 116 117 118 119 681 121 122 123 124 125 126 127 128 129 130 131 132 133 134 135 136 137 138 139 140 141 698 143 144 145 146 147 148 149 150 151 152 682 154 155 156 157 158 159 160 161 162 163 164 165 166 167 168 169 170 171 172 173 174 175 176 177 178 179 180 181 182 183 184 185 186 187 188 189 190 191 192 193 194 195 196 197 198 199 200 201 202 203 704 205 206 207 208 209 210 211 212 213 214 215 216 217 218 219 220 57 222 223 224 225 226 227 228 229 230 231 393 233 234 235 236 237 238 239 254 241 242 243 244 245 246 360 248 249 497 251 252 253 263 255 256 797 258 259 260 261 262 319 264 265 266 267 268 269 270 271 272 344 274 275 276 277 278 279 280 281 282 283 284 285 250 67 288 289 290 291 292 293 294 707 296 297 298 299 300 674 302 303 808 305 306 307 308 309 310 311 312 313 314 315 316 317 318 799 320 605 322 323 324 325 326 327 328 329 330 331 332 333 334 335 286 337 338 339 340 341 342 343 649 345 346 347 348 349 350 351 352 353 354 355 356 357 358 885 776 120 362 363 913 365 366 367 368 369 987 371 372 373 374 375 376 377 847 379 380 381 382 383 384 660 386 387 388 389 390 391 392 974 394 395 396 397 398 399 400 401 402 403 404 405 406 407 408 409 410 411 412 413 414 415 416 361 418 419 420 421 422 423 424 425 426 427 428 429 430 431 432 433 434 435 436 437 438 439 440 441 442 443 444 445 655 447 448 449 450 451 452 453 454 455 456 457 458 459 460 461 462 463 464 465 466 995 468 469 470 471 472 473 474 475 863 477 478 479 480 481 482 483 484 485 486 487 488 489 490 491 492 493 97 495 496 336 498 499 500 501 502 503 504 505 506 507 508 509 510 511 512 513 514 515 417 517 518 519 520 521 522 523 524 525 526 527 528 529 530 531 532 533 933 535 536 537 538 539 516 541 542 287 544 545 546 547 548 549 550 551 552 553 554 555 556 557 558 559 560 561 562 563 564 673 566 567 568 569 570 571 572 573 574 575 576 577 578 579 580 581 582 583 584 585 586 587 588 589 590 99 592 593 594 595 632 597 598 599 600 601 602 603 604 759 606 607 608 897 540 611 612 613 614 615 304 617 618 619 620 621 630 623 624 625 626 627 628 629 905 631 898 633 634 635 636 637 638 639 640 641 642 643 257 609 646 647 648 732 650 651 652 653 654 744 656 657 658 659 273 661 662 663 664 665 666 667 221 669 670 671 672 872 364 675 676 677 678 679 680 96 591 683 684 685 247 687 688 301 690 691 692 693 694 695 696 697 142 699 700 701 702 703 616 705 706 240 708 709 710 711 712 713 714 715 716 717 718 719 720 721 722 723 724 725 726 727 728 729 730 731 378 733 734 735 736 737 738 610 740 741 742 743 668 745 746 747 748 749 750 751 752 753 754 755 756 757 758 644 760 761 762 763 764 765 766 767 768 769 770 771 772 622 774 775 295 777 778 779 780 781 782 534 784 785 786 787 788 789 790 791 792 793 794 795 796 543 798 91 596 801 802 803 804 805 806 807 153 809 810 811 812 813 814 815 816 817 818 819 820 821 822 823 824 825 826 827 828 829 830 831 832 833 834 835 836 837 838 839 840 841 842 843 844 845 846 912 848 849 850 851 852 853 854 855 800 857 858 859 860 861 862 686 864 865 866 867 868 869 870 871 783 873 874 875 876 877 476 879 880 881 882 883 884 949 886 887 888 889 890 891 892 893 894 895 896 370 739 899 900 901 902 903 904 645 906 907 908 909 910 911 878 689 914 915 916 917 918 919 920 921 922 923 924 925 926 927 928 929 930 931 932 385 934 935 936 937 938 939 940 941 942 943 944 945 946 947 948 856 950 951 952 953 954 955 956 957 958 959 960 961 962 963 964 965 966 967 968 969 970 971 972 973 446 975 976 977 978 979 980 981 982 983 984 985 986 359 988 989 990 991 992 993 994 321 996 997 998 999
26
19 18 3 4 5 15 7 16 6 8 11 12 23 14 10 22 13 2 26 20 21 17 1 24 25 9
1000
1 2 3 4 5 6 7 8 9 10 11 12 13 14 15 16 17 18 19 20 21 22 23 24 25 26 27 28 29 30 31 32 33 34 35 36 37 38 39 40 41 42 43 44 45 46 47 48 49 50 51 52 53 54 55 56 57 58 59 60 61 62 63 64 65 66 67 68 69 70 71 72 73 74 75 76 77 78 79 80 81 82 83 84 85 86 87 88 89 90 91 92 93 94 95 96 97 98 99 100 101 102 103 104 105 106 107 108 109 110 111 112 113 114 115 116 117 118 119 120 121 122 123 124 125 126 127 128 129 130 131 132 133 134 135 136 137 138 139 140 141 142 143 144 145 146 147 148 149 150 151 152 153 154 155 156 157 158 159 160 161 162 163 164 165 166 167 168 169 170 171 172 173 174 175 176 177 178 179 180 181 182 183 184 185 186 187 188 189 190 191 192 193 194 195 196 197 198 199 200 201 202 203 204 205 206 207 208 209 210 211 212 213 214 215 216 217 218 219 220 221 222 223 224 225 226 227 228 229 230 231 232 233 234 235 236 237 238 239 240 241 242 243 244 245 246 247 248 249 250 251 252 253 254 255 256 257 258 259 260 261 262 263 264 265 266 267 268 269 270 271 272 273 274 275 276 277 278 279 280 281 282 283 284 285 286 287 288 289 290 291 292 293 294 295 296 297 298 299 300 301 302 303 304 305 306 307 308 309 310 311 312 313 314 315 316 317 318 319 320 321 322 323 324 325 326 327 328 329 330 331 332 333 334 335 336 337 338 339 340 341 342 343 344 345 346 347 348 349 350 351 352 353 354 355 356 357 358 359 360 361 362 363 364 365 366 367 368 369 370 371 372 373 374 375 376 377 378 379 380 381 382 383 384 385 386 387 388 389 390 391 392 393 394 395 396 397 398 399 400 401 402 403 404 405 406 407 408 409 410 411 412 413 414 415 416 417 418 419 420 421 422 423 424 425 426 427 428 429 430 431 432 433 434 435 436 437 438 439 440 441 442 443 444 445 446 447 448 449 450 451 452 453 454 455 456 457 458 459 460 461 462 463 464 465 466 467 468 469 470 471 472 473 474 475 476 477 478 479 480 481 482 483 484 485 486 487 488 489 490 491 492 493 494 495 496 497 498 499 500 501 502 503 504 505 506 507 508 509 510 511 512 513 514 515 516 517 518 519 520 521 522 523 524 525 526 527 528 529 530 531 532 533 534 535 536 537 538 539 540 541 542 543 544 545 546 547 548 549 550 551 552 553 554 555 556 557 558 559 560 561 562 563 564 565 566 567 568 569 570 571 572 573 574 575 576 577 578 579 580 581 582 583 584 585 586 587 588 589 590 591 592 593 594 595 596 597 598 599 600 601 602 603 604 605 606 607 608 609 610 611 612 613 614 615 616 617 618 619 620 621 622 623 624 625 626 627 628 629 630 631 632 633 634 635 636 637 638 639 640 641 642 643 644 645 646 647 648 649 650 651 652 653 654 655 656 657 658 659 660 661 662 663 664 665 666 667 668 669 670 671 672 673 674 675 676 677 678 679 680 681 682 683 684 685 686 687 688 689 690 691 692 693 694 695 696 697 698 699 700 701 702 703 704 705 706 707 708 709 710 711 712 713 714 715 716 717 718 719 720 721 722 723 724 725 726 727 728 729 730 731 732 733 734 735 736 737 738 739 740 741 742 743 744 745 746 747 748 749 750 751 752 753 754 755 756 757 758 759 760 761 762 763 764 765 766 767 768 769 770 771 772 773 774 775 776 777 778 779 780 781 782 783 784 785 786 787 788 789 790 791 792 793 794 795 796 797 798 799 800 801 802 803 804 805 806 807 808 809 810 811 812 813 814 815 816 817 818 819 820 821 822 823 824 825 826 827 828 829 830 831 832 833 834 835 836 837 838 839 840 841 842 843 844 845 846 847 848 849 850 851 852 853 854 855 856 857 858 859 860 861 862 863 864 865 866 867 868 869 870 871 872 873 874 875 876 877 878 879 880 881 882 883 884 885 886 887 888 889 890 891 892 893 894 895 896 897 898 899 900 901 902 903 904 905 906 907 908 909 910 911 912 913 914 915 916 917 918 919 920 921 922 923 924 925 926 927 928 929 930 931 932 933 934 935 936 937 938 939 940 941 942 943 944 945 946 947 948 949 950 951 952 953 954 955 956 957 958 959 960 961 962 963 964 965 966 967 968 969 970 971 972 973 974 975 976 977 978 979 980 981 982 983 984 985 986 987 988 989 990 991 992 993 994 995 996 997 998 999 1000
3
3 1 2
2
1 2
36
9 2 3 4 6 20 27 8 16 10 11 1 13 14 7 22 17 18 19 23 21 36 25 29 28 15 34 24 32 30 26 5 33 12 35 31
3
2 1 3
3
3 1 2
1000
680 199 638 559 446 851 471 120 448 649 463 453 754 647 139 220 668 282 868 329 724 419 847 80 215 704 650 752 293 936 688 981 849 664 915 887 386 353 734 791 661 127 726 161 46 45 475 803 519 158 616 156 860 720 324 131 238 670 969 560 785 472 410 959 97 424 660 610 383 575 261 488 474 241 598 164 94 399 733 24 879 599 434 608 301 772 521 437 348 492 189 331 778 77 300 524 65 477 920 742 766 983 409 903 316 654 648 514 795 355 291 179 738 663 566 640 182 813 290 8 552 416 431 322 814 256 42 779 866 973 56 321 387 996 447 498 736 799 15 346 344 356 479 392 183 963 793 628 210 303 964 249 207 567 787 52 193 50 192 622 44 606 178 76 529 821 602 275 577 932 863 848 946 817 371 456 430 163 112 563 211 117 145 384 600 281 771 939 91 226 761 159 157 643 716 662 555 756 2 658 591 361 802 700 206 205 153 313 299 149 181 512 737 762 25 272 696 871 808 16 377 751 877 833 367 190 354 287 929 332 325 655 490 942 540 569 543 57 538 683 74 289 554 806 556 962 542 999 152 792 767 375 842 273 601 126 994 804 509 336 71 810 846 613 350 682 497 826 895 484 358 216 254 955 168 305 645 735 853 483 186 18 913 901 500 1000 228 867 242 119 111 948 29 689 462 743 636 525 209 95 85 676 150 701 276 885 516 400 786 992 644 840 208 398 391 105 755 820 912 830 132 124 732 55 231 535 855 395 20 597 92 230 862 991 673 260 501 614 421 758 595 491 531 141 950 140 711 89 790 265 727 402 38 227 110 142 585 271 629 694 202 695 933 725 978 906 225 549 618 854 175 881 884 909 252 547 221 562 671 692 975 819 69 184 507 37 133 748 426 931 315 144 844 899 328 528 876 314 78 308 468 352 485 800 698 564 672 631 103 63 565 568 465 979 578 122 503 908 22 450 339 745 508 66 427 389 425 537 970 177 123 615 505 83 857 588 88 956 634 576 677 995 464 522 976 5 135 9 730 420 604 749 12 904 989 176 740 765 594 686 892 295 11 443 413 883 928 401 893 596 7 62 690 73 47 869 98 697 143 961 764 744 280 270 403 546 504 72 612 233 342 90 775 544 623 523 267 136 947 285 337 811 417 487 433 708 385 423 259 619 581 212 805 108 693 307 572 532 49 836 87 444 496 96 298 965 763 396 165 984 343 518 657 921 326 651 428 239 865 235 971 247 237 494 938 486 376 633 368 621 829 121 573 243 197 245 592 861 4 60 665 378 180 406 411 115 154 412 236 635 925 517 553 974 70 440 169 415 843 789 511 982 741 968 357 709 641 436 923 954 201 557 669 459 341 470 330 75 82 185 255 167 679 451 937 162 990 84 897 68 953 489 264 338 432 51 880 369 510 685 550 160 495 945 890 798 856 148 359 794 408 841 548 439 570 297 713 3 659 116 587 874 194 311 277 835 14 107 10 27 536 980 889 106 232 958 533 200 639 67 41 196 114 34 561 875 997 17 593 58 379 407 335 684 788 302 441 850 603 1 706 266 240 674 620 460 824 31 294 473 782 380 515 360 362 217 478 405 888 204 304 731 934 26 896 681 710 506 586 707 347 768 637 891 998 195 784 757 816 54 907 796 886 21 364 43 351 780 952 449 702 323 79 39 278 137 213 113 900 457 583 100 296 482 422 916 910 388 452 957 222 28 878 13 317 198 718 340 882 831 191 214 527 481 458 101 251 712 872 773 187 86 770 837 493 987 985 93 128 728 852 691 960 717 61 309 155 675 580 349 40 250 147 630 109 722 930 626 138 404 924 203 48 258 513 244 914 219 977 262 502 859 118 125 898 719 174 911 382 318 166 926 935 687 845 268 918 986 551 320 760 922 224 966 646 520 774 943 993 312 632 253 579 393 825 263 23 172 33 678 6 781 279 370 327 627 435 873 812 53 558 333 171 894 539 129 288 19 476 917 218 769 858 642 666 397 223 753 81 617 372 759 466 373 306 723 36 699 653 625 714 461 469 864 269 705 609 815 394 739 284 919 104 454 944 366 721 418 374 747 818 319 283 807 35 746 870 827 902 99 534 832 589 801 571 822 967 467 229 797 390 170 363 703 823 30 605 545 188 972 949 234 838 905 624 173 499 292 941 345 988 729 611 590 274 438 750 656 64 783 480 246 146 151 526 834 927 584 59 429 541 940 130 574 381 445 809 365 414 652 32 582 102 530 777 828 776 951 455 607 334 310 839 257 442 134 667 715 248 286
998
545 797 232 351 303 109 327 305 24 630 900 709 928 190 189 763 47 982 323 753 423 761 849 176 129 35 517 96 226 290 309 84 790 814 314 933 865 861 169 683 980 405 509 724 91 459 194 165 146 634 991 592 832 984 926 877 824 722 546 679 513 454 350 937 273 848 407 319 378 808 737 199 568 688 432 206 840 196 654 398 174 18 104 463 677 718 705 692 337 494 49 950 298 59 540 425 770 880 843 362 995 360 533 661 4 906 767 802 442 617 965 959 128 103 650 271 576 15 245 578 665 256 531 397 652 357 776 473 549 336 137 391 520 359 820 912 65 85 878 263 827 250 555 979 55 940 479 672 193 413 846 20 123 89 633 177 51 451 481 342 163 730 886 803 646 717 570 490 789 887 180 977 284 747 743 186 701 112 338 22 727 474 584 716 896 414 530 565 202 152 741 648 408 845 527 316 557 369 929 436 159 280 69 523 99 209 417 594 985 958 244 283 750 897 254 8 179 536 449 571 92 175 923 370 253 666 478 585 384 816 925 866 994 636 130 721 961 313 220 243 183 431 150 118 125 132 5 917 466 952 158 484 913 74 559 785 488 76 364 921 941 608 702 614 23 401 54 239 812 121 794 36 704 315 251 259 197 358 261 947 114 231 787 707 429 638 70 444 575 595 687 249 518 88 837 681 1 916 668 394 404 73 310 322 155 534 924 610 363 420 842 395 233 374 438 468 748 292 653 366 675 241 671 644 944 355 80 482 893 548 782 758 542 487 781 990 386 788 113 673 495 117 377 446 390 728 547 831 891 277 964 297 892 406 135 330 793 213 641 399 647 16 742 507 188 122 325 195 708 871 287 145 483 457 66 53 966 379 33 236 143 712 939 286 329 392 751 29 475 726 731 823 969 127 147 807 833 448 623 204 664 428 461 734 562 613 267 894 960 858 589 237 720 275 235 888 375 331 222 340 953 419 119 293 976 276 312 700 629 855 98 214 504 715 274 693 943 616 909 427 838 2 447 596 187 581 101 784 949 144 572 97 746 210 348 739 528 942 655 142 989 450 936 567 167 61 659 240 335 105 561 563 289 300 682 691 835 434 817 839 879 234 740 600 932 698 380 299 992 783 170 229 626 111 308 412 151 215 198 46 216 844 850 686 207 971 52 805 435 67 981 620 426 510 577 564 502 860 372 631 733 552 556 847 385 854 266 39 34 166 590 830 723 41 281 503 800 393 491 554 660 699 676 901 318 324 452 582 766 30 402 506 986 973 745 221 81 792 815 685 640 998 881 821 604 529 919 467 433 400 868 78 512 228 508 496 343 64 37 825 656 317 632 409 124 339 38 421 522 609 538 184 927 260 796 863 777 680 836 828 87 869 93 126 472 744 864 586 642 714 371 852 501 915 157 302 25 192 988 779 224 9 541 477 725 45 798 62 311 857 321 181 643 697 813 83 212 140 3 40 689 908 416 381 462 890 17 12 19 242 910 885 133 217 430 480 773 354 71 134 551 711 627 602 44 539 637 110 332 904 154 841 537 601 227 270 948 619 252 883 974 443 269 382 754 684 669 418 211 173 599 870 156 732 786 191 774 618 42 498 455 333 957 874 160 376 43 500 411 970 757 997 285 902 79 353 86 492 975 853 628 769 639 645 987 361 625 106 946 580 558 867 736 706 587 778 583 911 345 246 75 107 94 532 346 764 657 304 469 278 612 822 441 889 440 247 367 519 13 938 535 182 58 514 515 136 719 60 574 674 14 291 56 31 471 710 903 771 28 755 922 334 171 138 658 499 962 389 185 301 579 560 458 328 422 588 806 437 765 464 635 759 809 63 306 7 670 856 415 963 606 410 543 149 349 32 935 804 294 387 439 201 780 493 859 203 200 489 164 131 153 168 862 826 749 972 223 799 762 388 161 905 993 115 26 945 396 593 511 760 208 255 90 264 288 967 934 752 307 662 607 344 225 898 326 82 27 729 851 621 899 663 914 566 795 810 695 148 470 21 873 775 162 521 282 445 100 951 262 983 456 248 553 279 550 139 920 624 573 272 834 615 460 875 918 801 978 544 884 603 569 141 956 365 102 453 320 120 205 424 77 403 10 373 968 265 772 756 591 597 11 505 622 516 268 791 829 95 895 230 598 68 872 525 735 819 356 713 352 57 485 476 768 347 50 486 907 882 811 238 876 526 368 258 818 524 690 48 72 295 930 296 694 219 383 465 341 6 703 108 996 954 931 955 172 178 678 605 649 651 696 257 116 497 667 218 738 611
12
4 5 3 10 8 6 2 1 7 12 11 9
50
8 2 3 4 5 6 7 30 9 10 11 32 13 14 48 16 17 22 43 46 21 39 23 24 25 15 50 28 29 19 31 35 34 27 40 36 37 38 1 20 41 42 18 44 45 12 47 33 49 26
21
1 2 3 4 15 6 7 8 9 10 11 12 13 14 18 16 17 5 19 20 21
47
1 39 33 5 22 34 10 30 14 16 3 17 46 35 4 13 18 11 19 31 2 41 23 24 7 6 27 25 29 12 20 32 38 21 37 8 42 36 47 40 9 26 43 44 45 15 28
999
329 359 217 901 83 879 421 512 96 13 337 783 119 712 27 330 784 953 142 460 288 659 129 558 75 64 86 234 351 488 622 477 772 66 278 742 80 830 728 942 324 95 409 717 895 426 511 731 109 447 238 803 100 917 94 782 897 369 265 670 588 466 674 531 919 861 595 893 517 732 19 59 358 173 827 61 445 71 981 423 991 957 58 518 755 527 639 364 835 687 230 380 292 816 15 272 970 116 485 10 200 318 7 502 738 547 21 283 632 338 277 379 162 308 335 396 275 941 26 115 763 888 949 199 161 73 902 645 661 868 476 615 41 664 394 222 31 374 629 653 414 35 177 539 219 446 228 223 884 606 438 245 862 626 387 537 442 535 386 689 107 591 384 556 826 284 433 269 72 85 181 12 378 98 79 293 875 532 623 714 404 718 854 858 392 815 793 767 820 4 429 859 497 721 963 753 740 361 933 417 652 139 2 597 16 907 289 779 410 867 389 481 157 62 944 290 695 871 220 814 703 607 197 752 590 168 894 551 448 924 323 312 49 372 50 799 475 925 751 30 108 435 657 225 114 469 908 836 785 958 326 996 764 1 524 314 195 646 156 577 700 776 849 808 398 528 994 520 955 368 594 172 857 478 801 750 983 831 183 729 722 872 267 484 495 581 914 408 631 665 232 303 797 560 44 443 133 246 208 673 106 681 666 457 818 853 391 697 334 190 255 494 179 575 856 860 503 569 348 865 549 357 419 811 634 479 715 828 947 206 781 720 773 135 150 198 852 699 203 78 274 264 500 90 522 76 202 848 771 598 411 521 624 637 778 473 490 186 930 400 891 146 74 211 667 256 678 77 403 144 833 807 40 515 656 668 542 381 286 302 675 926 113 187 536 960 936 910 70 769 979 896 105 285 441 898 514 834 192 92 964 413 845 321 118 428 654 708 787 254 137 638 906 903 761 989 207 892 918 920 155 242 248 82 592 519 838 886 565 561 730 599 825 81 250 470 931 956 93 465 916 733 154 420 684 741 696 112 237 456 22 406 613 145 152 846 367 578 643 65 325 163 89 723 131 863 327 586 685 9 794 439 209 583 432 383 316 554 616 998 662 587 440 533 121 196 589 313 557 572 36 180 899 365 282 900 472 493 990 885 332 449 792 736 385 968 679 430 266 501 647 296 677 178 548 407 249 259 263 352 585 436 777 331 251 513 608 829 143 349 812 241 611 768 791 739 193 482 347 317 574 56 971 997 529 101 468 614 939 690 709 261 546 596 746 737 306 418 965 887 422 395 117 672 299 231 630 576 354 972 110 216 725 686 563 5 617 985 593 37 28 370 571 489 570 463 171 796 437 393 841 950 765 360 46 148 130 770 405 353 307 692 175 526 966 612 487 235 252 923 301 618 356 660 877 780 584 890 399 54 125 14 945 328 711 538 68 412 987 25 999 870 319 191 559 305 431 704 847 800 402 309 735 633 215 103 837 650 42 912 382 710 160 201 748 959 832 620 366 804 805 397 567 553 821 427 122 927 295 333 169 605 244 355 883 749 992 227 194 291 491 978 706 760 762 573 943 3 544 258 881 951 340 840 889 140 239 855 444 43 159 505 320 534 775 176 822 663 401 525 974 929 726 454 91 550 236 24 824 170 766 719 909 174 993 602 948 271 984 63 224 127 880 452 962 658 636 713 138 111 343 6 52 18 946 339 961 425 39 350 467 655 363 935 450 345 164 341 310 120 568 882 87 640 253 504 724 281 756 260 540 610 651 928 268 257 496 57 498 758 922 506 698 240 940 212 745 377 458 564 510 545 276 798 648 747 346 270 795 492 555 683 280 336 967 188 123 371 279 552 530 165 975 184 38 543 297 790 262 147 132 464 104 754 977 375 311 982 453 11 644 619 226 757 471 287 743 976 915 415 128 158 99 424 973 600 707 480 124 434 566 151 716 671 819 579 189 744 843 322 851 913 702 373 51 229 774 294 141 247 23 205 388 635 932 516 802 390 937 911 603 53 921 342 874 509 84 60 878 167 649 47 676 32 842 641 669 952 166 625 416 580 806 210 67 486 813 376 459 213 300 20 45 243 582 48 693 298 601 523 986 304 55 604 621 508 134 873 507 182 204 499 876 980 102 810 362 691 221 954 153 344 788 688 850 642 8 17 541 759 823 455 88 969 680 809 786 839 451 694 97 136 474 628 273 149 609 562 233 29 218 995 869 904 727 462 905 866 934 817 315 126 33 705 844 627 734 483 69 988 864 682 789 185 938 214 701 34 461
13
2 8 3 12 5 4 7 1 6 9 11 13 10
45
1 2 5 10 7 32 33 37 19 13 44 12 34 40 16 3 11 20 27 23 15 6 8 43 21 25 42 28 38 30 26 17 31 22 35 18 45 4 39 36 41 24 14 29 9
19
6 1 3 16 5 2 7 8 9 10 4 11 13 14 15 12 17 18 19
14
1 2 3 7 5 6 11 8 9 10 4 12 13 14
2
2 1
998
1 2 3 4 5 6 7 8 9 10 11 12 13 14 15 16 17 18 19 20 21 22 23 24 25 26 27 28 29 30 31 32 33 34 35 36 37 38 39 40 41 42 43 44 45 46 47 48 49 50 51 52 53 54 55 56 57 58 59 60 61 62 63 64 65 66 67 68 69 70 71 72 73 74 75 76 77 78 79 80 81 82 83 84 85 86 87 88 89 90 91 92 93 94 95 96 97 98 99 100 101 102 103 104 105 106 107 108 109 110 111 112 113 114 115 116 117 118 119 120 121 122 123 124 125 126 127 128 129 130 131 132 133 134 135 136 137 138 139 140 141 142 143 144 145 146 147 148 149 150 151 152 153 154 155 156 157 158 159 160 161 162 163 164 165 166 167 168 169 170 171 172 173 174 175 176 177 178 179 180 181 182 183 184 185 186 187 188 189 190 191 192 193 194 195 196 197 198 199 200 201 202 203 204 205 206 207 208 209 210 211 212 213 214 215 216 217 218 219 220 221 222 223 224 225 226 227 228 229 230 231 232 233 234 235 236 237 238 239 240 241 242 243 244 245 246 247 248 249 250 251 252 253 254 255 256 257 258 259 260 261 262 263 264 265 266 267 268 269 270 271 272 273 274 275 276 277 278 279 280 281 282 283 284 285 286 287 288 289 290 291 292 293 294 295 296 297 298 299 300 301 302 303 304 305 306 307 308 309 310 311 312 313 314 315 316 317 318 319 320 321 322 323 324 325 326 327 328 329 330 331 332 333 334 335 336 337 338 339 340 341 342 343 344 345 346 347 348 349 350 351 352 353 354 355 356 357 358 359 360 361 362 363 364 365 366 367 368 369 370 371 372 373 374 375 376 377 378 379 380 381 382 383 384 385 386 387 388 389 390 391 392 393 394 395 396 397 398 399 400 401 402 403 404 405 406 407 408 409 410 411 412 413 414 415 416 417 418 419 420 421 422 423 424 425 426 427 428 429 430 431 432 433 434 435 436 437 438 439 440 441 442 443 444 445 446 447 448 449 450 451 452 453 454 455 456 457 458 459 460 461 462 463 464 465 466 467 468 469 470 471 472 473 474 475 476 477 478 479 480 481 482 483 484 485 486 487 488 489 490 491 492 493 494 495 496 497 498 499 500 501 502 503 504 505 506 507 508 509 510 511 512 513 514 515 516 517 518 519 520 521 522 523 524 525 526 527 528 529 530 531 532 533 534 535 536 537 538 539 540 541 542 543 544 545 546 547 548 549 550 551 552 553 554 555 556 557 558 559 560 561 562 563 564 565 566 567 568 569 570 571 572 573 574 575 576 577 578 579 580 581 582 583 584 585 586 587 588 589 590 591 592 593 594 595 596 597 598 599 600 601 602 603 604 605 606 607 608 609 610 611 612 613 614 615 616 617 618 619 620 621 622 623 624 625 626 627 628 629 630 631 632 633 634 635 636 637 638 639 640 641 642 643 644 645 646 647 648 649 650 651 652 653 654 655 656 657 658 659 660 661 662 663 664 665 666 667 668 669 670 671 672 673 674 675 676 677 678 679 680 681 682 683 684 685 686 687 688 689 690 691 692 693 694 695 696 697 698 699 700 701 702 703 704 705 706 707 708 709 710 711 712 713 714 715 716 717 718 719 720 721 722 723 724 725 726 727 728 729 730 731 732 733 734 735 736 737 738 739 740 741 742 743 744 745 746 747 748 749 750 751 752 753 754 755 756 757 758 759 760 761 762 763 764 765 766 767 768 769 770 771 772 773 774 775 776 777 778 779 780 781 782 783 784 785 786 787 788 789 790 791 792 793 794 795 796 797 798 799 800 801 802 803 804 805 806 807 808 809 810 811 812 813 814 815 816 817 818 819 820 821 822 823 824 825 826 827 828 829 830 831 832 833 834 835 836 837 838 839 840 841 842 843 844 845 846 847 848 849 850 851 852 853 854 855 856 857 858 859 860 861 862 863 864 865 866 867 868 869 870 871 872 873 874 875 876 877 878 879 880 881 882 883 884 885 886 887 888 889 890 891 892 893 894 895 896 897 898 899 900 901 902 903 904 905 906 907 908 909 910 911 912 913 914 915 916 917 918 919 920 921 922 923 924 925 926 927 928 929 930 931 932 933 934 935 936 937 938 939 940 941 942 943 944 945 946 947 948 949 950 951 952 953 954 955 956 957 958 959 960 961 962 963 964 965 966 967 968 969 970 971 972 973 974 975 976 977 978 979 980 981 982 983 984 985 986 987 988 989 990 991 992 993 994 995 996 997 998
998
460 83 608 308 841 522 880 151 456 136 52 396 579 752 5 716 681 769 772 888 167 676 339 715 540 696 935 720 956 694 678 712 468 975 198 202 614 852 29 808 466 378 239 123 315 586 937 80 285 462 561 70 521 15 774 235 158 86 17 88 296 367 149 761 552 861 871 789 500 648 203 28 219 109 812 208 66 1 910 674 447 145 815 368 945 119 310 337 562 532 125 476 369 710 341 529 194 428 42 955 141 518 926 99 290 274 895 301 584 844 969 837 638 733 942 382 564 604 3 437 542 683 176 825 679 685 569 533 465 351 867 237 480 949 974 370 309 779 976 327 523 221 930 131 286 770 245 919 717 785 37 635 548 950 93 640 832 631 952 559 154 966 499 927 699 921 822 361 484 483 54 397 517 138 944 344 814 940 329 925 292 365 840 857 625 60 494 617 583 379 414 345 261 405 16 914 933 273 140 346 474 931 233 44 96 373 616 690 916 576 703 632 330 56 260 795 673 212 75 611 331 434 707 205 156 996 971 306 68 26 664 451 97 633 721 168 628 284 675 300 77 21 654 213 820 922 743 555 749 388 246 471 275 289 112 401 446 629 641 787 403 101 726 830 267 448 459 259 634 469 420 915 531 35 846 127 739 961 816 122 605 508 320 662 602 473 252 872 288 215 692 626 581 347 422 430 130 251 316 313 957 188 994 65 349 458 967 847 291 653 240 377 759 113 507 627 486 547 48 40 954 94 893 385 177 318 210 709 14 283 948 793 488 790 775 59 384 334 180 229 501 981 325 254 25 90 659 323 115 32 765 514 598 516 51 671 771 485 22 537 387 333 704 479 211 527 322 133 159 623 741 677 294 450 509 550 874 849 69 722 338 191 152 185 482 539 645 135 665 153 45 868 890 590 195 183 805 613 865 170 190 298 987 936 207 24 513 50 72 128 250 383 142 827 750 33 247 30 461 372 553 920 63 98 838 951 304 248 362 184 828 55 4 596 132 624 860 777 858 834 738 899 988 734 498 201 102 216 356 223 137 973 567 340 701 568 395 343 282 160 819 106 10 526 751 755 800 381 455 744 411 947 730 265 100 618 843 836 467 875 711 850 794 835 525 157 723 199 878 649 682 424 226 279 572 764 574 652 326 91 740 503 687 923 324 570 753 423 938 817 788 277 352 549 79 186 264 989 621 404 528 217 601 214 984 620 823 257 853 38 886 556 393 757 946 901 232 869 417 58 258 478 436 688 7 419 672 263 342 876 797 193 573 87 143 588 609 406 464 902 894 791 882 600 964 563 398 642 386 303 305 929 463 364 821 897 61 511 745 39 742 813 580 438 689 667 491 776 161 639 693 376 719 354 686 997 780 76 155 892 706 496 114 887 173 220 781 34 197 960 663 192 798 657 906 866 582 599 276 885 262 928 23 43 206 489 350 20 162 454 786 297 768 762 415 845 697 506 637 358 859 36 799 319 92 959 778 978 47 244 806 615 982 519 619 636 416 302 271 495 705 477 163 766 487 144 977 644 666 8 655 732 557 784 729 670 179 134 182 165 660 802 924 120 89 355 911 266 2 392 986 592 426 669 268 390 560 565 148 968 695 95 551 680 773 898 746 181 829 408 41 992 287 811 650 348 756 13 82 856 249 453 317 587 435 684 78 200 269 117 121 698 656 46 280 862 53 278 877 270 335 443 558 472 295 402 851 990 236 67 281 884 227 312 585 421 873 912 107 803 111 943 718 758 963 571 917 328 831 449 445 230 970 809 724 883 863 169 612 965 409 412 27 833 594 18 647 314 595 171 908 804 646 783 782 311 6 164 118 510 429 375 490 470 400 238 189 475 444 407 909 520 603 413 597 357 204 74 255 363 332 983 57 85 903 49 891 359 209 366 243 610 607 913 12 941 440 442 81 918 391 736 418 792 545 431 73 939 993 515 691 11 630 139 998 735 810 538 505 566 848 807 174 714 187 129 995 175 864 389 427 643 360 907 241 824 9 410 231 541 371 702 374 218 535 932 116 353 668 731 481 591 818 658 534 905 452 536 826 748 64 62 763 708 307 441 737 493 661 225 530 512 432 747 299 108 544 242 953 796 979 754 651 801 578 399 196 497 19 842 166 589 172 272 224 502 380 958 881 725 713 147 105 31 84 222 293 394 234 889 425 962 150 767 900 728 504 543 854 71 554 457 256 126 228 980 870 546 991 972 760 593 103 575 622 524 433 253 727 321 934 492 855 178 904 700 439 606 110 577 879 336 985 896 124 104 146 839
23
8 2 3 4 5 6 20 7 9 10 11 12 13 14 15 16 17 18 19 1 21 22 23
997
1 2 3 4 5 6 7 8 9 10 11 12 13 14 15 16 17 18 19 20 21 22 23 24 25 26 27 28 29 30 31 32 33 34 35 36 37 38 39 40 41 42 43 44 45 46 47 48 49 50 51 52 53 54 55 56 57 58 59 60 61 62 63 64 65 66 67 68 69 70 71 72 73 74 75 76 77 78 79 80 81 82 83 84 85 86 87 88 89 90 91 92 93 94 95 96 97 98 99 100 101 102 103 104 105 106 107 108 109 110 111 112 113 114 115 116 117 118 119 120 121 122 123 124 125 126 127 128 129 130 131 132 133 134 135 136 137 138 139 140 141 142 143 144 145 146 147 148 149 150 151 152 153 154 155 156 157 158 159 160 161 162 163 164 165 166 167 168 169 170 171 172 173 174 175 176 177 178 179 180 181 182 183 184 185 186 187 188 189 190 191 192 193 194 195 196 197 198 199 200 201 202 203 204 205 206 207 208 209 210 211 212 213 214 215 216 217 218 219 220 221 222 223 224 225 226 227 228 229 230 231 232 233 234 235 236 237 238 239 240 241 242 243 244 245 246 247 248 249 250 251 252 253 254 255 256 257 258 259 260 261 262 263 264 265 266 267 268 269 270 271 272 273 274 275 276 277 278 279 280 281 282 283 284 285 286 287 288 289 290 291 292 293 294 295 296 297 298 299 300 301 302 303 304 305 306 307 308 309 310 311 312 313 314 315 316 317 318 319 320 321 322 323 324 325 326 327 328 329 330 331 332 333 334 335 336 337 338 339 340 341 342 343 344 345 346 347 348 349 350 351 352 353 354 355 356 357 358 359 360 361 362 363 364 365 366 367 368 369 370 371 372 373 374 375 376 377 378 379 380 381 382 383 384 385 386 387 388 389 390 391 392 393 394 395 396 397 398 399 400 401 402 403 404 405 406 407 408 409 410 411 412 413 414 415 416 417 418 419 420 421 422 423 424 425 426 427 428 429 430 431 432 433 434 435 436 437 438 439 440 441 442 443 444 445 446 447 448 449 450 451 452 453 454 455 456 457 458 459 460 461 462 463 464 465 466 467 468 469 470 471 472 473 474 475 476 477 478 479 480 481 482 483 484 485 486 487 488 489 490 491 492 493 494 495 496 497 498 499 500 501 502 503 504 505 506 507 508 509 510 511 512 513 514 515 516 517 518 519 520 521 522 523 524 525 526 527 528 529 530 531 532 533 534 535 536 537 538 539 540 541 542 543 544 545 546 547 548 549 550 551 552 553 554 555 556 557 558 559 560 561 562 563 564 565 566 567 568 569 570 571 572 573 574 575 576 577 578 579 580 581 582 583 584 585 586 587 588 589 590 591 592 593 594 595 596 597 598 599 600 601 602 603 604 605 606 607 608 609 610 611 612 613 614 615 616 617 618 619 620 621 622 623 624 625 626 627 628 629 630 631 632 633 634 635 636 637 638 639 640 641 642 643 644 645 646 647 648 649 650 651 652 653 654 655 656 657 658 659 660 661 662 663 664 665 666 667 668 669 670 671 672 673 674 675 676 677 678 679 680 681 682 683 684 685 686 687 688 689 690 691 692 693 694 695 696 697 698 699 700 701 702 703 704 705 706 707 708 709 710 711 712 713 714 715 716 717 718 719 720 721 722 723 724 725 726 727 728 729 730 731 732 733 734 735 736 737 738 739 740 741 742 743 744 745 746 747 748 749 750 751 752 753 754 755 756 757 758 759 760 761 762 763 764 765 766 767 768 769 770 771 772 773 774 775 776 777 778 779 780 781 782 783 784 785 786 787 788 789 790 791 792 793 794 795 796 797 798 799 800 801 802 803 804 805 806 807 808 809 810 811 812 813 814 815 816 817 818 819 820 821 822 823 824 825 826 827 828 829 830 831 832 833 834 835 836 837 838 839 840 841 842 843 844 845 846 847 848 849 850 851 852 853 854 855 856 857 858 859 860 861 862 863 864 865 866 867 868 869 870 871 872 873 874 875 876 877 878 879 880 881 882 883 884 885 886 887 888 889 890 891 892 893 894 895 896 897 898 899 900 901 902 903 904 905 906 907 908 909 910 911 912 913 914 915 916 917 918 919 920 921 922 923 924 925 926 927 928 929 930 931 932 933 934 935 936 937 938 939 940 941 942 943 944 945 946 947 948 949 950 951 952 953 954 955 956 957 958 959 960 961 962 963 964 965 966 967 968 969 970 971 972 973 974 975 976 977 978 979 980 981 982 983 984 985 986 987 988 989 990 991 992 993 994 995 996 997
29
21 11 3 15 5 6 7 2 28 10 4 12 13 16 25 14 17 18 29 1 9 19 23 24 8 26 27 20 22
19
1 6 3 4 5 17 7 8 9 10 11 12 13 14 15 16 2 18 19
999
932 554 320 444 270 772 377 391 836 583 350 400 519 62 467 451 440 753 239 138 134 412 627 50 246 835 162 145 724 930 44 997 5 101 873 257 466 929 923 243 801 273 895 64 725 114 381 698 331 960 290 911 505 356 877 973 866 703 373 910 806 632 653 109 52 783 154 640 454 544 187 254 619 374 77 784 906 556 823 486 16 22 565 9 244 141 455 647 639 337 399 341 65 163 837 826 175 445 693 144 494 56 723 752 869 582 660 539 72 903 368 828 125 761 922 403 352 431 938 736 354 291 279 464 489 651 462 168 606 924 116 510 949 427 149 495 983 230 107 782 311 34 190 97 580 710 421 435 17 536 838 849 796 605 881 152 250 716 140 626 754 815 666 240 713 306 80 212 975 314 945 268 654 955 589 691 139 547 193 404 968 822 575 978 387 915 132 746 512 302 420 430 209 205 878 534 840 459 700 671 269 720 812 762 178 521 758 383 609 453 629 532 763 397 531 571 686 87 844 683 916 146 760 884 253 439 743 30 839 11 63 508 367 414 967 223 939 461 69 523 718 733 842 446 506 644 174 475 545 708 732 775 217 471 963 418 161 920 994 831 93 587 867 457 735 105 434 500 95 283 328 264 224 386 170 991 322 343 48 731 235 504 111 770 424 227 294 342 987 825 524 817 764 478 13 348 327 234 793 143 66 18 295 829 902 35 130 45 94 595 470 633 591 788 405 280 976 47 122 696 914 766 635 380 76 433 896 148 112 908 38 196 127 593 610 576 133 308 177 533 516 1 882 358 442 215 642 468 898 665 346 586 874 40 999 528 925 972 408 707 378 875 100 552 410 614 135 281 472 301 667 33 652 8 121 677 372 807 726 104 84 120 800 353 413 712 74 755 889 287 909 124 631 156 394 191 538 128 113 245 625 164 102 648 679 271 988 670 199 392 252 584 159 790 549 734 900 222 599 490 298 201 520 805 792 3 950 928 870 488 396 115 673 232 208 351 518 958 603 108 228 29 300 147 336 51 117 335 846 183 856 165 912 60 157 338 355 811 324 747 526 361 316 863 692 541 891 296 36 742 366 55 289 540 998 379 15 937 481 514 854 604 690 951 656 511 681 330 204 479 810 248 218 202 787 515 180 226 612 617 794 251 535 688 274 78 984 7 319 6 126 892 643 658 312 628 809 600 525 497 637 697 913 214 491 645 216 285 419 2 624 303 238 362 537 621 886 608 73 980 370 129 797 12 369 416 507 181 717 266 179 166 329 750 417 883 990 441 307 293 941 344 321 570 662 219 485 192 989 42 389 641 574 845 827 299 456 730 28 579 25 275 566 935 131 550 75 81 926 340 888 221 194 940 463 947 363 317 452 176 977 852 548 195 803 241 188 601 393 773 857 560 567 559 92 899 689 597 448 942 206 437 477 54 20 590 780 153 395 59 551 465 438 10 832 4 422 684 675 620 953 258 256 779 970 282 530 741 277 944 21 247 657 813 401 748 996 409 808 778 768 522 830 57 173 695 569 71 759 745 89 23 160 110 450 70 304 774 946 756 167 728 669 553 659 297 82 326 706 904 777 388 53 83 853 186 171 406 169 184 682 714 425 618 200 513 119 557 931 220 847 503 284 739 255 546 19 740 729 771 594 957 517 158 956 345 473 96 436 858 313 286 447 795 995 785 936 814 927 824 699 799 573 655 106 974 871 407 509 443 907 680 851 41 564 917 272 198 861 562 189 339 737 962 672 458 864 529 233 678 781 480 58 954 798 318 46 776 890 376 118 24 694 676 347 207 172 237 969 26 415 155 136 225 563 964 402 674 738 789 722 211 791 357 498 687 292 555 558 581 705 859 711 623 855 384 229 261 305 487 182 185 959 49 483 32 921 685 382 496 744 67 887 611 702 868 616 661 474 934 572 210 981 872 91 966 577 607 249 349 843 88 79 865 151 428 39 649 602 527 918 98 432 371 701 86 933 278 943 492 137 721 482 841 860 757 197 961 90 948 502 568 236 630 543 43 622 663 901 123 816 61 751 213 893 323 263 704 985 260 14 423 411 309 385 310 992 905 709 27 85 971 876 834 664 262 365 68 476 802 848 979 398 276 265 982 499 786 885 426 719 668 493 542 150 897 103 203 333 769 821 561 986 585 715 242 993 288 804 592 765 646 267 833 31 636 894 819 598 390 638 501 142 231 360 375 325 460 596 650 99 634 429 727 879 469 850 364 334 578 484 37 588 965 613 767 749 862 315 820 818 615 919 332 359 880 449 952 259
14
1 2 3 9 7 13 4 8 11 10 5 12 14 6
10
3 2 4 7 5 6 9 1 8 10
45
1 2 3 30 32 17 7 8 9 43 44 39 13 10 15 5 18 25 19 20 6 22 23 24 14 11 36 28 37 26 12 41 27 34 35 21 4 33 38 40 29 42 45 16 31
16
9 2 1 4 5 11 16 8 7 10 6 12 3 14 15 13
17
1 17 3 2 5 6 7 8 9 10 11 12 13 4 15 16 14
1000
1 364 3 87 648 6 7 472 949 10 196 12 428 347 412 543 369 344 164 685 390 94 23 716 4 26 27 560 29 721 474 32 19 35 954 477 134 163 939 544 873 697 43 801 480 46 47 388 49 50 51 922 39 991 940 56 479 640 737 326 440 62 530 561 65 850 930 121 69 563 71 720 457 74 75 662 77 83 33 137 81 133 554 174 85 956 780 694 630 90 91 92 675 831 881 96 97 73 99 830 101 110 103 613 105 585 183 520 810 787 857 112 113 114 115 116 147 118 119 120 80 921 374 124 413 656 127 128 129 130 131 132 89 282 135 136 168 138 924 521 773 843 143 878 158 710 52 40 565 150 987 923 68 154 155 925 34 321 159 728 789 235 66 279 742 665 167 79 919 866 171 140 317 54 890 176 290 316 179 180 963 182 506 184 984 186 730 188 782 190 823 192 193 945 195 236 975 198 199 242 926 611 876 204 397 206 207 208 442 28 772 280 295 820 859 292 403 24 959 220 5 531 707 45 914 226 213 16 229 230 231 232 380 234 558 157 691 670 156 240 70 411 366 715 826 427 247 689 249 250 251 459 253 254 255 266 770 285 259 260 570 590 548 264 265 947 643 268 318 191 271 272 550 252 275 276 277 278 172 932 281 345 181 600 641 551 142 288 289 906 778 515 293 244 402 844 297 904 733 214 436 525 819 304 60 84 799 17 309 139 311 36 313 314 723 361 713 973 14 165 454 322 514 463 777 649 993 328 329 9 331 332 13 108 335 336 330 647 915 650 341 342 122 736 824 586 893 883 897 86 205 352 225 294 839 745 187 358 359 360 202 362 109 556 365 846 781 895 575 938 170 372 373 746 690 376 377 258 379 651 615 776 383 384 854 371 387 424 389 639 391 392 393 394 838 396 63 267 419 400 401 58 540 257 245 406 173 100 409 410 64 892 818 414 821 717 417 418 488 420 421 422 423 353 310 426 41 669 699 492 431 111 117 848 398 144 752 718 879 148 441 489 435 444 898 67 447 439 351 55 451 452 453 709 455 456 305 30 334 123 825 462 238 464 465 356 467 996 469 343 971 107 473 920 475 346 524 712 534 768 481 284 483 382 485 486 160 791 149 370 491 273 732 256 223 357 497 792 499 349 698 573 340 504 505 579 507 508 509 501 511 512 513 385 849 835 517 740 239 286 291 522 523 237 169 735 527 783 529 151 595 532 533 437 535 536 629 298 48 61 541 21 583 537 126 175 869 152 549 339 296 552 604 978 591 538 557 325 559 303 580 619 261 2 432 657 106 568 569 216 571 572 399 283 153 734 577 416 15 812 682 582 702 241 581 217 816 588 693 942 555 592 593 594 460 596 884 598 323 584 601 602 981 42 434 606 546 608 609 542 836 612 842 614 11 425 519 618 476 620 621 622 623 624 761 933 248 628 755 445 166 632 633 634 57 636 102 450 478 368 667 642 125 644 645 646 404 833 578 905 695 652 653 38 875 243 233 658 659 660 661 625 663 617 911 865 518 668 415 960 671 324 194 674 495 676 677 678 679 375 681 222 683 429 503 686 687 688 726 638 753 692 664 553 610 696 706 500 616 700 701 603 703 704 705 274 901 708 853 899 711 958 95 714 908 807 576 211 587 333 597 722 567 724 299 867 727 146 729 759 731 805 82 931 806 98 468 738 868 337 741 145 790 880 302 25 747 748 749 750 751 381 566 754 631 756 757 758 562 760 719 928 599 764 765 766 767 446 769 929 771 725 218 774 775 201 564 982 779 209 470 953 607 788 785 786 307 494 408 466 433 263 793 794 795 796 797 798 817 800 221 802 803 804 510 496 78 808 680 605 896 744 813 141 936 635 355 763 327 88 539 822 743 927 471 308 378 828 829 739 673 832 889 834 955 871 837 684 338 840 189 407 177 912 845 809 847 320 76 37 851 852 306 93 855 856 386 858 315 860 861 862 863 864 841 490 902 395 487 870 814 872 287 874 988 31 20 300 526 59 589 882 502 430 784 983 887 888 672 203 891 44 654 894 458 944 227 269 1000 900 367 448 903 162 224 970 907 627 909 811 18 964 913 626 493 916 917 918 666 528 301 363 219 22 815 185 827 547 885 449 484 312 482 934 935 200 937 545 262 574 941 637 943 53 974 946 354 948 161 950 951 952 498 877 655 104 957 215 461 8 961 962 443 72 965 966 967 968 969 348 212 972 319 405 197 976 977 350 979 980 910 762 886 228 985 986 178 246 989 990 438 992 210 994 995 516 997 998 999 270
6
3 6 1 2 5 4
47
1 18 5 9 34 29 7 8 11 10 22 12 13 14 15 16 17 3 2 20 21 4 23 24 25 26 27 28 37 30 31 19 33 6 35 36 32 38 39 40 41 42 43 44 45 46 47
28
1 2 3 4 21 6 7 8 9 10 11 12 13 14 15 16 17 18 5 20 19 22 23 24 25 26 27 28
8
5 1 2 8 6 3 4 7
46
1 2 3 4 5 6 18 30 33 10 11 38 9 14 28 16 7 13 19 41 21 17 23 42 25 26 27 34 29 45 31 15 20 24 35 36 22 32 39 40 37 8 43 44 12 46
1000
153 62 791 486 150 392 761 810 141 324 709 828 798 519 124 276 817 994 652 108 514 501 229 321 696 330 393 387 954 310 426 711 278 363 789 537 923 103 370 132 322 520 270 210 480 418 344 412 727 630 168 585 584 81 721 225 84 716 573 181 651 53 660 68 197 83 601 106 565 911 853 5 361 517 33 838 932 614 267 185 824 881 645 349 649 808 100 814 120 400 279 861 697 228 367 134 459 822 503 908 15 947 75 941 580 981 916 117 113 316 146 373 956 213 130 295 983 341 384 129 836 529 312 489 845 643 746 571 161 488 715 784 479 381 403 704 171 821 391 995 622 787 965 472 336 931 693 918 200 731 801 235 70 140 260 729 682 864 751 178 768 736 690 292 280 545 395 47 570 273 1 700 420 42 763 572 354 133 812 644 155 450 527 250 377 979 352 581 740 340 513 661 922 962 629 586 263 256 976 525 559 616 307 574 269 90 621 955 196 251 868 413 325 86 416 110 907 963 639 285 147 754 266 526 462 143 732 222 588 142 255 166 806 125 32 407 560 183 631 653 840 681 239 30 230 481 968 680 35 781 742 678 371 121 749 724 305 701 318 706 369 997 957 59 544 476 51 766 618 531 48 850 186 783 792 512 309 924 972 11 323 116 36 61 296 551 755 617 664 632 136 720 803 511 670 398 626 935 889 623 562 945 435 16 524 258 346 111 917 433 217 832 12 985 338 483 604 470 856 582 859 388 842 175 596 611 557 974 937 535 259 248 521 541 811 74 508 636 684 188 900 902 182 722 506 50 807 419 518 543 431 195 203 441 172 467 28 984 208 987 445 71 448 356 800 826 360 65 9 793 647 884 928 540 710 905 886 282 326 671 775 515 249 109 851 892 882 925 952 686 96 31 846 867 291 920 424 6 613 471 365 126 158 334 970 152 659 374 921 909 201 550 10 966 223 496 507 780 839 675 558 67 708 910 633 408 870 996 663 40 303 331 959 436 934 958 78 960 221 673 830 797 485 666 627 819 986 447 759 364 563 619 835 776 567 288 253 91 734 685 245 429 538 927 552 350 658 497 914 18 790 414 23 89 590 375 430 940 205 992 456 386 809 885 199 713 79 587 743 455 27 329 82 396 463 353 22 21 662 602 843 595 122 3 609 454 975 874 163 218 612 484 534 287 536 919 95 335 306 691 99 425 236 608 257 57 437 998 112 405 930 752 160 55 748 829 231 876 156 869 214 555 169 523 290 328 723 758 399 610 127 961 289 894 242 359 719 692 591 438 635 406 209 530 174 232 799 532 38 837 308 180 165 317 827 14 226 149 646 66 37 145 760 337 778 247 376 314 265 98 128 423 227 854 93 347 549 410 202 815 25 477 13 747 702 92 491 737 428 982 206 20 547 177 816 579 510 73 756 151 674 938 24 333 339 695 539 863 569 26 980 76 442 320 833 453 41 561 366 63 772 762 933 714 896 820 862 102 773 345 891 593 735 464 449 119 17 634 170 948 87 148 268 176 394 795 936 271 991 841 993 294 950 786 415 769 852 522 872 446 114 694 726 474 404 509 302 443 667 620 190 244 397 890 216 482 492 466 893 688 372 298 469 926 313 104 823 234 733 64 745 162 577 494 657 873 679 655 548 198 52 179 46 505 969 277 378 19 875 805 468 498 382 490 272 358 241 380 332 49 39 624 164 34 971 284 912 767 677 953 383 385 687 439 942 669 915 665 707 192 301 757 598 834 475 131 717 683 274 654 576 860 191 58 304 80 504 123 29 300 895 728 774 999 943 224 877 422 72 97 901 898 978 592 738 379 603 281 493 712 458 951 802 262 764 782 906 730 718 589 189 1000 254 139 118 135 650 411 625 533 204 401 796 173 988 939 293 502 583 478 528 847 238 880 264 888 883 866 777 327 261 913 516 788 977 605 546 137 848 465 144 599 434 929 871 390 989 813 159 949 368 432 575 315 94 421 637 967 154 207 495 220 417 286 243 211 4 219 990 698 594 233 857 460 402 964 638 237 187 56 750 193 473 215 607 903 184 115 858 461 771 553 744 138 672 865 252 362 43 944 648 45 641 855 849 831 451 642 818 44 676 355 499 879 283 794 105 107 656 725 452 566 69 297 770 85 212 101 779 804 246 409 54 844 897 88 628 556 500 427 887 357 640 741 457 785 2 8 899 311 542 904 351 668 194 973 60 348 946 343 167 739 240 299 699 487 319 753 389 606 568 615 7 825 444 77 600 705 689 597 554 578 703 440 342 765 878 157 275 564
1
1
20
16 4 14 2 15 6 7 8 20 10 3 18 13 11 9 19 17 5 1 12
12
1 11 10 9 5 2 6 8 4 3 12 7
998
414 784 238 479 250 121 128 730 849 805 543 22 599 812 831 329 434 661 369 715 624 12 909 153 913 837 409 169 554 509 738 150 400 651 844 275 930 615 415 239 431 337 976 220 808 635 949 854 528 929 158 689 291 231 671 260 843 100 245 82 127 885 560 772 185 915 232 563 205 133 977 994 751 714 421 214 118 649 258 634 722 60 846 848 906 982 267 717 160 919 606 743 505 737 271 498 156 955 423 58 398 350 303 590 907 567 880 122 257 119 617 466 263 458 302 790 325 77 110 995 6 108 286 148 217 940 61 7 274 959 781 314 70 240 152 683 798 342 904 293 900 304 481 261 324 186 610 124 477 32 705 135 24 419 289 97 570 51 542 89 531 417 478 678 725 527 254 330 28 912 716 596 573 323 202 787 246 532 264 822 424 680 346 847 65 146 871 628 227 667 300 551 650 988 251 566 648 861 928 830 845 175 927 934 69 397 248 416 413 718 611 609 594 76 568 881 125 348 679 44 618 339 621 744 660 529 189 297 797 672 54 67 936 589 866 835 383 3 40 134 734 405 640 512 59 177 616 207 449 5 195 389 559 167 347 290 109 79 646 56 144 404 113 179 376 757 87 723 454 681 95 584 422 129 36 967 903 373 438 401 773 702 363 287 778 123 284 349 155 256 53 359 140 902 739 586 228 659 430 191 762 115 103 142 375 817 333 978 352 368 752 686 632 132 412 456 937 520 546 562 887 925 174 145 117 997 989 819 16 168 407 998 307 782 655 569 42 865 222 884 367 138 480 524 533 183 255 218 288 102 759 309 761 500 625 547 612 952 292 740 701 712 283 735 699 713 341 310 19 792 652 418 278 435 305 265 535 540 662 461 605 516 237 453 450 878 576 868 252 697 549 753 985 894 514 802 206 101 627 33 280 953 742 262 242 602 331 548 27 896 710 315 209 1 39 208 162 372 154 537 75 273 99 181 441 821 495 474 497 299 41 556 981 17 374 974 768 279 834 467 425 897 709 879 513 832 644 462 249 385 642 522 384 269 457 316 455 114 809 901 380 448 643 776 687 112 440 492 721 587 696 511 767 428 810 746 149 163 4 343 143 685 607 704 581 841 899 693 656 867 575 468 750 766 427 613 429 96 948 354 601 729 965 944 93 838 682 859 30 794 472 244 445 395 829 382 942 700 815 318 979 452 931 344 804 654 166 49 226 971 161 178 345 565 377 863 420 862 545 378 783 159 11 555 539 319 356 408 391 801 192 588 898 29 544 432 864 670 253 63 870 320 68 690 534 196 106 215 336 157 748 820 173 622 491 387 991 674 770 732 485 954 891 272 908 296 470 552 234 104 813 769 763 213 950 172 941 760 13 785 501 406 731 917 381 91 483 754 212 147 211 357 496 921 38 247 111 221 938 956 223 574 675 21 355 987 399 188 851 856 922 313 771 80 46 726 836 774 960 243 882 451 463 447 973 259 883 197 78 193 34 371 765 526 335 489 825 684 298 225 18 379 793 839 803 996 190 992 811 558 55 230 756 578 623 905 806 164 219 182 270 507 136 658 482 312 465 708 52 564 886 990 488 926 918 471 390 935 365 518 361 282 958 484 151 964 993 688 443 411 888 362 366 74 20 171 88 210 823 939 469 81 268 984 165 636 875 975 502 8 603 580 758 241 364 951 94 31 295 360 914 403 92 224 807 476 969 571 957 493 73 311 392 608 943 673 266 733 351 598 353 301 593 827 653 494 473 437 592 579 633 64 281 638 895 464 923 285 818 961 131 334 541 2 600 799 176 933 872 116 890 370 663 510 983 932 229 137 786 857 550 396 665 525 10 677 745 45 459 475 669 14 591 970 519 963 306 779 328 572 426 180 719 946 657 869 764 852 515 200 15 446 920 439 236 637 26 506 664 966 486 945 57 35 201 83 184 84 9 892 629 828 874 48 893 630 800 877 508 873 198 538 536 557 338 235 490 388 826 561 187 789 860 853 727 947 858 386 444 107 216 641 647 340 62 691 321 711 972 791 583 850 855 394 775 410 442 553 487 141 460 294 277 139 676 85 105 585 23 916 962 170 25 741 66 910 604 695 90 833 614 631 777 980 322 694 203 199 50 37 523 796 788 204 698 233 317 619 720 126 597 517 755 504 842 824 876 499 47 595 736 358 402 582 98 620 749 703 130 639 780 911 816 706 503 840 276 986 747 814 530 889 645 436 728 43 71 308 521 924 433 86 795 724 393 968 626 194 327 692 577 668 707 72 120 666 326 332
5
1 2 3 4 5
30
1 2 3 4 5 6 7 8 9 10 11 12 13 14 15 16 17 18 19 28 21 22 23 24 25 26 27 20 29 30
998
733 240 475 347 608 692 521 537 460 717 601 74 700 81 226 288 363 78 572 942 890 179 830 233 880 522 707 247 633 443 349 332 150 656 573 650 637 176 309 99 922 82 628 271 207 704 798 552 674 770 851 873 579 282 811 195 574 395 570 773 771 945 897 840 743 113 701 909 542 814 867 853 720 12 523 411 550 18 469 433 14 42 418 940 593 623 409 540 527 874 442 400 291 492 114 216 491 963 40 580 246 116 252 478 141 924 784 691 575 775 745 353 66 95 406 102 156 831 671 741 513 473 148 804 781 799 351 138 258 735 569 568 220 761 995 731 667 128 669 426 105 549 747 392 297 973 969 123 429 33 600 923 362 295 863 117 273 446 682 641 614 948 554 218 598 547 594 916 893 529 296 630 976 185 250 38 425 678 22 318 391 785 267 967 174 846 913 205 820 711 821 900 629 635 56 930 585 680 723 375 605 255 752 838 188 544 45 335 805 862 518 906 721 774 364 96 982 164 936 133 453 892 399 476 597 15 800 992 825 779 974 827 24 440 850 609 310 737 777 2 493 849 587 502 484 101 28 719 378 175 373 103 928 866 202 315 359 129 991 665 984 507 277 376 508 520 183 845 311 312 44 736 157 292 729 642 263 352 477 631 511 54 651 834 696 839 937 16 487 634 93 274 648 854 154 171 145 377 325 664 698 333 626 582 912 599 925 638 39 237 269 270 657 971 256 769 843 180 563 968 972 474 455 617 299 828 690 837 750 932 457 32 302 776 208 545 543 836 379 739 506 564 463 727 694 796 4 687 31 809 127 278 112 762 558 403 526 993 257 981 498 153 17 215 915 980 588 903 870 639 567 829 251 412 200 264 298 249 339 962 590 561 823 393 450 896 702 824 944 683 181 144 384 763 58 620 797 531 223 92 456 764 356 758 919 115 759 432 87 555 76 374 865 793 794 813 803 83 519 724 464 618 556 689 177 140 428 427 149 621 887 408 80 709 780 666 997 740 910 234 445 91 30 864 441 158 472 787 953 385 875 673 221 533 323 401 331 611 802 9 911 668 343 421 714 604 649 583 79 931 961 447 122 322 3 224 279 104 810 748 602 852 725 245 778 591 289 662 822 818 97 94 241 515 985 525 732 361 812 871 801 244 640 677 536 341 262 265 695 658 281 826 121 848 494 535 868 211 419 266 7 26 75 708 496 357 89 652 170 882 398 684 454 994 516 505 8 881 603 88 935 69 337 206 336 988 166 560 142 77 615 48 653 163 410 423 951 355 566 548 382 986 319 342 645 559 371 132 131 59 632 19 35 57 109 989 987 589 53 100 697 304 468 622 197 655 243 367 578 381 486 716 85 167 996 679 225 165 306 151 11 481 539 466 201 713 610 5 236 607 458 956 710 161 551 975 324 422 722 396 430 584 86 883 950 303 734 43 193 172 280 571 29 290 194 860 37 308 370 503 160 276 844 934 565 789 878 293 467 36 283 528 553 681 586 34 313 510 941 885 753 488 790 300 260 436 137 462 139 676 119 857 452 49 703 670 504 178 596 198 654 159 390 532 693 979 348 806 424 327 108 6 685 345 509 285 581 301 955 13 67 387 675 46 718 907 27 524 434 613 190 792 606 465 918 592 10 705 248 73 213 619 199 420 483 760 344 807 275 888 136 497 1 627 130 272 238 902 340 438 120 905 65 754 111 926 143 480 957 329 783 203 661 744 835 795 879 404 407 726 134 354 394 402 939 943 786 921 316 50 61 841 60 214 110 334 239 485 230 435 125 946 751 107 182 767 448 949 646 663 938 712 414 415 756 346 397 47 126 227 501 459 417 124 209 688 728 833 350 479 55 499 416 70 894 977 927 490 847 189 191 489 383 388 229 512 232 326 372 23 118 889 808 284 755 338 328 204 286 64 772 952 317 643 268 186 819 514 242 235 51 482 72 294 947 884 672 914 908 636 899 210 155 444 413 254 71 517 895 369 500 954 52 90 451 960 901 647 757 25 538 530 624 856 660 904 431 730 832 21 964 222 169 815 869 386 63 990 861 192 877 738 368 886 742 212 706 859 68 439 461 305 187 858 365 168 958 715 405 983 768 41 152 106 307 746 817 253 933 196 470 330 929 644 541 219 287 791 765 84 659 20 766 389 62 782 855 162 788 625 557 842 449 872 699 612 749 917 970 876 471 380 98 891 966 965 184 320 147 959 314 321 146 231 616 173 816 998 686 366 360 217 920 261 495 562 577 546 576 898 259 228 358 534 135 595 437 978
998
928 524 318 540 918 6 7 8 9 10 647 12 971 14 15 894 17 18 19 20 21 603 23 879 25 599 56 28 66 909 31 746 33 117 920 36 37 335 39 40 41 42 43 44 45 30 47 48 49 50 51 794 315 239 55 38 57 723 59 60 61 62 63 52 478 696 67 876 69 70 71 72 73 74 75 76 77 11 79 80 141 82 83 84 2 86 87 97 608 90 81 838 93 115 95 96 334 98 99 100 91 102 103 104 181 758 107 108 109 110 111 489 29 709 170 116 803 878 119 863 121 122 123 924 984 126 127 128 129 130 131 132 163 134 135 460 137 754 757 899 905 106 283 300 145 811 147 355 149 799 151 152 153 154 657 156 157 158 159 160 105 415 845 526 165 789 167 168 939 416 172 217 173 174 175 744 505 178 179 180 637 641 361 289 185 784 187 188 189 16 785 150 193 687 195 196 197 743 225 200 900 345 203 882 205 206 791 854 209 210 211 146 213 214 215 53 58 832 219 220 374 222 223 666 806 226 64 228 229 230 231 232 268 234 235 236 237 238 140 892 241 242 243 244 94 35 991 296 249 250 960 252 893 254 255 256 257 118 259 260 261 208 263 264 5 536 718 194 269 216 302 465 273 274 275 276 277 278 583 280 281 731 101 284 85 949 287 573 389 290 612 292 293 294 295 594 796 642 299 120 301 848 303 304 821 306 307 308 309 310 311 312 972 736 759 248 317 956 319 320 321 322 323 324 218 326 938 632 329 682 331 332 333 493 298 336 337 870 339 340 341 342 343 843 142 346 347 348 827 350 351 352 353 354 856 356 357 26 359 360 441 330 363 364 365 366 367 368 369 370 371 372 373 221 207 376 945 190 379 124 381 382 383 400 385 750 291 388 975 390 391 635 393 394 395 396 397 398 399 27 401 686 403 404 405 564 407 408 409 192 411 88 413 414 477 940 417 418 419 672 421 422 450 424 425 426 427 439 429 430 431 432 929 434 435 875 437 438 963 440 166 442 34 444 445 446 447 144 449 240 914 452 453 454 455 456 694 458 459 139 461 846 764 212 589 807 467 433 469 643 471 472 473 474 475 735 138 510 479 480 481 482 112 316 605 486 712 488 522 490 491 492 823 494 495 810 497 498 499 500 501 423 448 504 727 199 328 508 756 272 511 512 705 617 515 516 279 518 980 520 521 883 484 246 525 519 527 528 529 886 531 532 533 534 535 719 537 538 539 659 541 773 543 544 545 546 547 548 549 550 551 552 610 554 555 270 557 558 559 201 937 562 585 885 565 566 662 568 569 22 574 572 462 92 575 576 577 143 579 580 581 710 54 584 233 586 587 588 380 590 591 592 593 451 595 596 597 598 688 600 601 602 468 778 542 606 607 702 609 926 611 653 613 944 615 485 314 618 619 620 994 622 623 624 625 626 627 556 629 358 631 466 633 634 282 636 362 638 639 378 186 729 89 644 645 646 428 571 649 974 651 652 922 654 655 530 457 658 716 660 148 674 663 503 32 470 667 668 669 670 582 258 673 420 675 676 677 678 679 680 681 436 683 514 915 136 202 983 689 690 691 692 693 204 695 889 697 698 699 700 701 506 412 704 463 706 707 708 133 78 184 338 713 714 715 987 717 958 561 720 721 722 487 724 725 726 661 728 384 730 262 732 733 734 349 113 737 161 739 740 741 742 868 616 745 985 747 748 749 169 751 752 800 867 755 553 790 783 125 760 761 762 763 869 765 766 767 768 769 770 771 772 464 774 775 776 777 942 779 780 781 782 297 114 802 786 787 788 604 171 989 792 793 387 795 65 797 798 251 753 801 245 265 804 805 621 835 932 809 253 703 812 164 814 896 816 817 818 819 820 386 822 3 824 825 826 247 828 829 286 831 496 833 834 483 836 837 711 839 840 841 842 858 844 933 665 847 830 849 850 851 509 853 183 855 947 857 271 859 860 861 862 614 864 865 866 325 982 344 995 871 872 873 874 24 502 877 517 1 880 881 402 578 884 684 46 887 888 313 890 891 650 813 664 895 738 897 898 656 476 901 902 903 953 410 906 907 908 227 910 911 912 913 266 176 916 917 327 919 392 921 443 923 68 925 224 927 4 377 930 931 177 513 934 935 936 155 305 198 406 941 285 943 523 685 946 267 948 648 950 951 952 630 954 955 567 957 182 959 13 961 962 992 964 965 288 967 968 969 970 852 628 973 162 671 976 977 978 979 560 981 563 808 815 191 986 640 988 998 990 507 904 993 570 375 996 997 966
996
1 2 3 4 5 6 7 8 9 10 11 12 13 14 15 16 17 18 19 20 21 22 23 24 25 26 27 28 29 30 31 32 33 34 35 36 37 38 39 40 41 42 43 44 45 46 47 48 49 50 51 52 53 54 55 56 57 58 59 60 61 62 63 64 65 66 67 68 69 70 71 72 73 74 75 76 77 78 79 80 81 82 83 84 85 86 87 88 89 90 91 92 93 94 95 96 97 98 99 100 101 102 103 104 105 106 107 108 109 110 111 112 113 114 115 116 117 118 119 120 121 122 123 124 125 126 127 128 129 130 131 132 133 134 135 136 137 138 139 140 141 142 143 144 145 146 147 148 149 150 151 152 153 154 155 156 157 158 159 160 161 162 163 164 165 166 167 168 169 170 171 172 173 174 175 176 177 178 179 180 181 182 183 184 185 186 187 188 189 190 191 192 193 194 195 196 197 198 199 200 201 202 203 204 205 206 207 208 209 210 211 212 213 214 215 216 217 218 219 220 221 222 223 224 225 226 227 228 229 230 231 232 233 234 235 236 237 238 239 240 241 242 243 244 245 246 247 248 249 250 251 252 253 254 255 256 257 258 259 260 261 262 263 264 265 266 267 268 269 270 271 272 273 274 275 276 277 278 279 280 281 282 283 284 285 286 287 288 289 290 291 292 293 294 295 296 297 298 299 300 301 302 303 304 305 306 307 308 309 310 311 312 313 314 315 316 317 318 319 320 321 322 323 324 325 326 327 328 329 330 331 332 333 334 335 336 337 338 339 340 341 342 343 344 345 346 347 348 349 350 351 352 353 354 355 356 357 358 359 360 361 362 363 364 365 366 367 368 369 370 371 372 373 374 375 376 377 378 379 380 381 382 383 384 385 386 387 388 389 390 391 392 393 394 395 396 397 398 399 400 401 402 403 404 405 406 407 408 409 410 411 412 413 414 415 416 417 418 419 420 421 422 423 424 425 426 427 428 429 430 431 432 433 434 435 436 437 438 439 440 441 442 443 444 445 446 447 448 449 450 451 452 453 454 455 456 457 458 459 460 461 462 463 464 465 466 467 468 469 470 471 472 473 474 475 476 477 478 479 480 481 482 483 484 485 486 487 488 489 490 491 492 493 494 495 496 497 498 499 500 501 502 503 504 505 506 507 508 509 510 511 512 513 514 515 516 517 518 519 520 521 522 523 524 525 526 527 528 529 530 531 532 533 534 535 536 537 538 539 540 541 542 543 544 545 546 547 548 549 550 551 552 553 554 555 556 557 558 559 560 561 562 563 564 565 566 567 568 569 570 571 572 573 574 575 576 577 578 579 580 581 582 583 584 585 586 587 588 589 590 591 592 593 594 595 596 597 598 599 600 601 602 603 604 605 606 607 608 609 610 611 612 613 614 615 616 617 618 619 620 621 622 623 624 625 626 627 628 629 630 631 632 633 634 635 636 637 638 639 640 641 642 643 644 645 646 647 648 649 650 651 652 653 654 655 656 657 658 659 660 661 662 663 664 665 666 667 668 669 670 671 672 673 674 675 676 677 678 679 680 681 682 683 684 685 686 687 688 689 690 691 692 693 694 695 696 697 698 699 700 701 702 703 704 705 706 707 708 709 710 711 712 713 714 715 716 717 718 719 720 721 722 723 724 725 726 727 728 729 730 731 732 733 734 735 736 737 738 739 740 741 742 743 744 745 746 747 748 749 750 751 752 753 754 755 756 757 758 759 760 761 762 763 764 765 766 767 768 769 770 771 772 773 774 775 776 777 778 779 780 781 782 783 784 785 786 787 788 789 790 791 792 793 794 795 796 797 798 799 800 801 802 803 804 805 806 807 808 809 810 811 812 813 814 815 816 817 818 819 820 821 822 823 824 825 826 827 828 829 830 831 832 833 834 835 836 837 838 839 840 841 842 843 844 845 846 847 848 849 850 851 852 853 854 855 856 857 858 859 860 861 862 863 864 865 866 867 868 869 870 871 872 873 874 875 876 877 878 879 880 881 882 883 884 885 886 887 888 889 890 891 892 893 894 895 896 897 898 899 900 901 902 903 904 905 906 907 908 909 910 911 912 913 914 915 916 917 918 919 920 921 922 923 924 925 926 927 928 929 930 931 932 933 934 935 936 937 938 939 940 941 942 943 944 945 946 947 948 949 950 951 952 953 954 955 956 957 958 959 960 961 962 963 964 965 966 967 968 969 970 971 972 973 974 975 976 977 978 979 980 981 982 983 984 985 986 987 988 989 990 991 992 993 994 995 996
1000
925 60 61 631 684 707 158 16 704 885 754 791 834 395 248 454 952 18 765 254 460 526 774 447 603 825 650 649 976 627 163 148 427 43 58 635 46 25 992 355 614 529 826 157 602 162 364 278 983 839 974 71 405 95 741 490 905 366 679 770 414 918 957 843 589 213 641 608 50 331 665 87 907 303 13 151 494 101 313 581 262 953 135 551 142 536 987 81 450 683 895 544 954 156 29 891 283 361 894 277 744 842 514 166 568 787 449 565 637 53 613 506 600 52 890 556 56 143 380 443 949 619 844 439 141 922 502 948 41 902 392 82 357 365 555 861 363 65 308 601 864 807 523 332 240 8 235 233 117 37 726 588 501 530 309 739 320 571 291 90 104 267 242 616 757 639 285 896 167 515 49 140 298 224 300 852 263 554 595 371 403 982 42 840 470 457 203 343 564 441 745 855 591 598 546 808 680 418 584 813 824 488 912 553 201 219 960 938 561 738 833 420 880 32 752 370 74 846 785 594 252 465 710 920 717 946 719 991 155 799 204 51 125 875 927 583 307 192 334 516 311 164 990 296 877 417 109 453 951 93 294 154 937 793 893 963 384 190 176 779 121 769 265 879 735 243 130 668 144 377 980 586 973 362 401 743 552 250 838 440 995 943 784 72 615 978 478 266 253 790 884 860 727 184 479 448 397 570 782 897 211 513 899 33 636 292 232 194 146 391 435 642 423 716 967 381 486 463 950 244 607 328 867 964 881 468 102 223 459 396 342 666 580 68 111 333 133 97 734 5 123 689 207 344 350 933 399 662 736 873 655 227 268 854 75 900 792 62 188 748 685 667 510 352 777 527 562 180 127 30 942 120 349 876 110 975 9 335 740 675 458 174 573 187 165 301 993 249 186 715 901 747 939 932 886 228 79 547 542 972 206 442 798 239 321 103 968 981 625 599 805 941 383 966 558 339 1000 432 916 386 624 847 935 238 229 703 633 138 341 247 297 742 504 522 664 258 276 47 359 815 330 802 497 326 797 179 24 708 572 761 519 126 255 208 387 569 776 533 119 898 955 646 20 299 11 270 261 181 67 545 809 962 979 340 874 577 945 692 118 245 45 452 814 535 431 369 100 195 189 669 451 643 780 702 751 830 676 773 926 537 360 620 733 617 327 112 677 17 202 998 850 105 273 865 39 500 472 284 175 750 713 446 644 54 338 910 70 173 986 91 259 532 368 322 22 209 306 566 498 153 517 293 98 6 611 909 4 230 274 762 732 889 789 783 491 374 848 634 215 456 318 351 367 389 578 857 302 492 160 648 575 78 518 286 626 767 55 85 28 319 959 116 832 682 695 548 804 605 724 663 336 34 746 714 764 89 629 430 86 325 892 421 579 59 35 226 803 375 128 597 622 200 177 329 795 183 434 508 697 511 709 15 661 376 217 149 480 425 136 310 413 484 161 970 63 467 758 19 305 947 193 169 429 388 346 433 818 264 12 760 3 31 700 241 645 475 671 199 969 26 487 412 819 485 382 810 999 400 438 940 623 691 212 246 225 473 83 606 647 88 295 686 541 827 868 378 394 402 424 115 415 152 210 113 817 122 560 205 316 806 659 92 567 911 887 14 385 23 706 958 753 786 698 139 720 585 728 763 928 323 354 76 185 2 150 654 197 721 422 540 464 766 961 849 883 96 630 77 788 756 701 694 653 426 657 609 731 358 904 220 345 290 841 469 99 40 690 145 288 771 69 621 699 989 461 520 882 231 147 531 539 543 660 304 658 512 114 132 872 73 64 168 994 437 723 801 419 670 493 794 137 800 612 919 436 348 411 170 191 260 934 129 279 705 829 44 775 505 557 495 38 94 831 444 131 271 678 234 84 216 985 845 353 236 888 256 324 906 373 863 416 393 956 337 768 823 462 759 482 538 66 929 903 528 428 878 559 836 866 471 251 282 711 398 476 550 496 406 718 917 507 474 36 984 944 280 869 871 317 272 997 499 534 466 407 638 673 729 10 108 914 772 835 134 379 828 48 524 7 913 924 106 737 477 722 287 816 57 822 796 410 915 965 755 859 820 582 712 851 590 681 1 107 853 314 289 269 858 549 971 218 688 811 214 730 489 856 931 592 124 390 312 483 936 27 455 862 693 593 356 196 563 172 610 977 275 632 696 908 930 221 198 21 988 687 372 640 315 521 509 672 812 503 409 576 725 408 778 281 80 837 628 347 923 574 481 525 749 222 445 237 781 651 171 921 652 604 178 656 257 159 821 404 587 996 182 618 870 596 674
3
1 2 3
20
5 19 3 4 1 15 7 8 6 2 18 20 9 14 13 16 17 10 12 11
