40
10 1 4 1 2
4 6 1
6 9 2
12 1 2 4 1
6 12 1
20 1 3 20 5
0 4 5
4 8 4
8 12 3
12 16 2
16 20 1
12 1 2 2 1
6 12 1
12 1 2 3 1
6 12 1
12 1 2 5 1
6 12 1
12 1 2 6 1
6 12 1
100 3 7 5 1
0 100 10
100 1 10 1 20
0 5 40
5 10 50
10 15 40
15 20 50
20 25 40
25 30 50
30 35 40
35 40 50
40 45 40
45 50 50
50 55 40
55 60 50
60 65 40
65 70 50
70 75 40
75 80 50
80 85 40
85 90 50
90 95 40
95 100 45
1 22 63 1 1
0 1 16
100 1 2 1 1
83 100 2
100 7 17 3 20
20 21 1
21 26 17
27 28 6
28 29 15
29 30 6
30 34 15
37 38 23
39 40 13
41 43 17
45 47 14
47 54 25
54 56 1
57 60 13
60 61 29
62 66 30
74 75 25
78 80 14
80 81 19
81 82 10
93 97 23
100 12 27 2 20
6 10 16
18 19 83
19 22 8
22 24 49
24 25 10
27 29 22
29 31 1
31 32 84
34 35 12
42 46 43
46 47 76
49 59 32
59 66 16
66 70 74
70 77 2
77 78 37
83 86 59
87 92 23
94 95 70
96 100 44
100 1 2 43 20
15 18 3
18 19 1
20 23 1
23 25 2
25 26 1
27 32 3
32 34 1
34 36 2
36 38 1
51 57 3
57 61 3
61 63 1
65 69 1
69 70 1
74 77 2
81 83 2
83 85 3
89 90 2
91 92 2
92 98 3
100 1 3 100 20
2 3 2
3 5 2
7 10 2
12 14 1
14 19 2
21 23 1
23 28 2
33 36 3
36 37 3
43 44 3
46 50 1
50 51 2
51 53 3
53 56 1
65 67 1
72 73 3
73 75 1
83 85 1
88 91 1
94 98 2
53 1 2 18 17
1 2 2
2 3 1
3 15 1
15 21 2
21 22 1
22 25 1
25 28 1
28 31 2
31 32 2
32 34 1
34 35 1
35 41 1
41 43 1
43 44 2
45 47 2
47 52 2
52 53 1
58 19 100 1 8
3 5 66
5 12 88
12 14 97
14 16 98
16 21 33
25 29 66
29 40 80
46 55 17
100 3 4 21 20
3 4 2
4 5 2
6 7 1
27 28 1
28 32 1
32 35 2
40 42 3
45 48 4
56 60 1
60 62 2
62 64 3
64 66 4
70 71 1
80 81 4
81 85 3
85 87 1
88 91 3
91 92 2
92 97 1
97 99 4
100 2 3 25 20
1 3 4
3 8 1
10 14 2
16 17 5
17 22 6
29 30 7
30 32 5
32 33 1
33 34 4
34 35 2
40 41 5
46 48 6
50 54 7
56 57 5
59 60 4
60 61 4
62 77 3
77 79 3
97 98 1
98 100 6
100 21 32 2 20
0 2 2
3 4 9
4 5 13
9 11 38
11 15 16
15 20 13
20 25 28
31 33 8
33 36 41
43 44 19
52 54 32
57 58 1
59 61 21
61 66 39
66 70 4
78 80 4
80 82 37
82 85 2
96 97 18
98 100 41
100 3 14 100 20
2 4 13
4 5 7
9 16 2
23 29 9
29 30 5
30 33 8
35 36 14
38 41 1
41 44 7
48 51 11
63 64 4
65 68 13
70 71 5
73 75 2
75 79 6
87 88 1
88 89 2
89 92 4
92 93 1
95 96 11
80 1 2 38 4
54 62 1
62 67 2
67 68 2
68 79 1
70 31 100 1 17
2 3 3
7 10 19
14 15 37
15 16 35
16 20 44
20 22 21
22 24 90
24 25 89
25 26 34
26 27 20
27 35 61
41 43 76
43 48 58
48 50 65
55 61 13
61 66 23
66 70 37
100 2 3 25 20
2 6 3
8 10 3
10 13 2
26 29 3
29 30 2
30 33 2
33 34 4
34 35 1
35 36 1
36 39 4
43 44 3
50 53 2
54 57 3
57 67 2
76 79 2
83 84 3
88 89 4
90 93 4
93 94 1
94 95 1
100 2 9 11 20
6 13 6
13 14 6
18 20 8
20 22 2
28 30 2
30 33 6
37 38 9
40 44 13
51 53 16
56 57 6
63 69 11
75 81 7
81 82 1
82 86 5
87 88 6
88 89 2
90 92 3
92 93 11
93 97 14
97 99 14
100 1 3 23 20
6 8 41
8 12 8
21 22 62
28 30 9
30 32 44
32 33 37
33 36 46
45 49 56
49 53 28
56 60 22
65 66 60
66 74 47
74 75 40
75 80 3
89 90 26
90 92 59
92 94 13
94 96 16
96 98 6
98 100 62
100 14 48 100 20
0 1 68
1 4 10
4 9 22
9 13 17
13 15 55
27 34 71
34 37 13
46 48 36
52 55 51
57 58 25
58 60 57
61 62 63
65 68 52
78 79 42
80 81 1
86 88 33
88 89 27
90 91 75
91 94 57
99 100 87
92 1 2 39 9
12 18 2
18 33 1
40 42 2
52 54 2
56 73 2
73 80 1
80 84 1
85 86 2
86 92 1
54 94 100 1 17
0 3 17
4 6 96
6 7 45
7 8 91
8 9 90
9 10 10
15 16 34
16 17 35
19 23 87
23 27 69
27 28 86
37 39 87
41 43 24
44 46 79
46 47 76
50 52 48
52 53 62
72 1 2 20 13
1 7 1
12 16 3
16 29 2
29 34 3
34 35 3
35 42 2
42 43 2
43 45 1
45 51 3
51 55 3
55 60 2
60 70 3
70 72 2
71 2 13 6 1
40 48 2
100 5 7 7 15
1 4 2
4 7 10
7 16 9
16 18 4
18 25 5
25 35 12
35 43 11
43 48 3
48 65 12
65 83 1
83 86 7
86 90 6
90 91 8
91 94 9
94 100 6
75 27 31 2 15
2 12 29
12 16 1
16 20 27
20 27 12
27 31 4
31 38 20
52 57 6
64 66 22
66 68 18
68 69 1
69 71 8
71 72 30
72 73 20
73 74 29
74 75 15
73 1 6 10 12
2 4 8
18 22 5
22 24 11
26 32 13
32 36 10
36 37 11
37 41 4
42 52 4
52 53 5
59 62 13
62 66 3
71 73 8
84 1 3 25 11
1 2 3
2 3 1
3 5 2
5 10 2
23 29 3
30 31 2
66 67 3
67 70 1
70 72 2
72 81 3
81 84 1
56 2 3 14 14
6 8 3
9 11 3
11 12 3
12 13 3
15 17 2
19 23 3
28 31 2
33 35 2
36 38 1
38 39 2
43 48 3
48 49 1
50 51 1
54 56 2
70 2 3 13 18
0 3 5
3 8 3
8 12 8
12 17 5
22 24 5
33 34 1
34 35 7
37 39 3
39 40 8
40 42 8
42 47 2
48 49 8
49 50 5
50 52 2
52 54 9
56 60 2
61 64 10
66 70 6
89 24 33 2 10
15 17 16
23 27 32
27 28 12
28 30 3
30 35 5
35 43 31
52 63 50
63 65 44
65 70 43
76 77 44
65 1 2 16 2
8 45 3
45 65 2
87 2 4 19 10
21 22 1
22 24 4
24 30 4
30 31 3
31 32 1
32 40 1
41 46 2
46 51 2
59 67 1
67 87 1
