40
10 1 4 1 2
4 6 1
6 9 2
12 1 2 4 1
6 12 1
20 1 3 20 5
0 4 5
4 8 4
8 12 3
12 16 2
16 20 1
12 1 2 2 1
6 12 1
12 1 2 3 1
6 12 1
12 1 2 5 1
6 12 1
12 1 2 6 1
6 12 1
100 3 7 5 1
0 100 10
100 1 10 1 20
0 5 40
5 10 50
10 15 40
15 20 50
20 25 40
25 30 50
30 35 40
35 40 50
40 45 40
45 50 50
50 55 40
55 60 50
60 65 40
65 70 50
70 75 40
75 80 50
80 85 40
85 90 50
90 95 40
95 100 45
1 55 71 1 1
0 1 70
100 2 3 1 1
71 100 3
100 4 5 9 20
3 7 9
9 15 5
20 23 10
24 27 7
27 29 6
29 30 7
32 36 2
38 48 3
48 53 4
61 62 4
62 63 10
66 67 5
72 74 1
76 81 9
81 83 3
86 88 6
88 89 3
89 91 5
97 98 9
99 100 8
100 1 2 41 20
3 4 2
4 6 2
19 20 3
20 26 1
44 47 2
47 49 1
49 50 2
53 55 3
55 56 2
56 57 1
69 70 3
70 72 3
73 75 1
75 76 1
85 86 1
86 87 1
87 94 2
94 96 1
97 98 2
98 99 2
100 1 2 44 20
0 1 2
3 5 4
10 14 3
16 17 1
24 27 4
29 33 2
34 35 3
39 41 4
44 47 1
47 49 1
49 52 2
52 53 4
53 55 3
55 56 2
56 58 1
62 67 3
67 70 3
79 81 4
81 86 2
90 91 2
100 1 7 100 20
7 9 10
11 12 12
22 27 9
27 29 8
31 32 11
32 33 15
37 40 11
45 48 4
49 51 4
52 54 5
54 57 14
57 62 7
64 66 5
70 72 7
78 81 8
83 84 11
84 85 8
85 86 9
93 95 3
96 98 4
83 1 2 32 3
33 67 2
67 70 2
70 83 1
94 24 100 1 11
14 18 56
18 24 55
24 26 29
29 37 21
37 43 78
68 69 32
69 75 40
75 81 86
81 85 12
85 89 2
89 91 68
100 1 2 16 20
1 5 1
5 9 2
9 11 2
12 14 3
15 18 1
20 28 3
28 38 3
42 43 2
44 45 1
45 52 1
52 53 1
70 71 2
71 74 2
74 75 1
75 81 2
81 83 2
83 85 1
91 94 2
97 98 1
98 99 1
100 5 12 8 20
0 2 6
6 8 2
8 15 12
15 17 6
22 31 9
41 46 11
49 50 6
50 52 2
53 54 2
55 56 4
56 60 3
65 68 8
68 69 6
69 72 1
72 74 7
74 78 10
78 79 8
79 80 10
82 83 1
84 98 12
100 13 15 5 20
0 3 47
4 6 47
9 10 32
11 18 15
18 20 50
20 22 34
22 23 30
28 30 37
32 33 35
50 54 8
54 55 48
67 68 33
68 70 32
70 77 1
77 82 16
82 84 31
84 88 1
88 90 16
95 96 41
96 100 50
100 1 2 100 20
2 3 1
8 11 1
11 13 3
18 20 4
20 25 4
36 38 2
42 43 4
43 44 4
45 46 2
46 47 3
51 55 3
56 60 4
60 61 3
61 64 1
64 67 2
67 73 3
74 75 3
75 81 1
81 83 1
91 92 3
65 1 2 30 3
44 45 1
45 52 2
57 65 2
99 50 100 1 5
54 63 38
63 70 26
70 85 57
85 92 54
92 99 59
100 6 14 2 20
0 3 6
3 4 14
4 7 5
8 10 29
14 15 7
27 33 3
34 36 22
36 43 12
44 45 29
46 49 29
49 51 11
51 58 28
58 59 28
59 60 25
63 64 4
64 67 12
67 70 28
82 84 23
84 85 12
89 95 7
100 3 9 9 20
8 10 7
15 17 10
17 20 9
25 26 7
26 29 5
33 34 5
34 38 4
38 40 8
45 48 4
52 53 8
56 58 11
59 63 9
65 66 7
66 70 9
70 77 2
85 88 3
88 94 10
94 96 8
96 97 2
98 100 11
100 5 6 14 20
2 4 5
4 5 1
5 7 6
15 16 3
16 18 6
18 19 4
37 38 9
38 42 3
43 45 2
45 46 2
46 48 2
50 52 1
52 55 8
55 58 1
60 63 11
70 77 1
87 90 3
93 94 8
97 98 5
98 99 8
100 56 77 100 20
0 2 37
7 8 48
8 11 82
26 28 2
31 33 63
33 36 68
37 38 66
41 43 20
44 46 67
48 50 5
53 56 82
58 59 39
71 74 56
77 81 77
81 84 43
84 86 55
86 90 79
92 94 14
94 99 57
99 100 80
93 1 2 41 16
8 13 2
16 19 2
21 23 1
23 24 1
29 30 2
30 33 2
34 35 2
45 49 2
49 50 1
51 53 2
53 54 1
54 55 1
55 60 1
63 71 1
71 73 2
73 87 1
97 23 100 1 4
12 62 67
62 65 82
65 88 65
88 97 4
86 1 2 34 16
10 12 3
12 13 2
13 14 1
16 26 3
26 33 1
37 41 1
41 42 2
45 46 2
46 54 3
54 57 3
58 59 1
59 63 2
63 64 3
64 65 3
65 67 2
81 83 2
98 2 6 14 11
21 23 6
23 39 4
39 42 4
60 62 1
62 67 6
67 71 4
73 76 2
76 80 7
80 83 4
89 95 5
95 98 3
65 1 2 26 19
4 5 3
5 7 4
7 11 1
11 16 3
16 17 2
17 18 4
19 20 2
20 21 3
21 22 2
26 29 2
29 30 3
30 38 1
41 43 3
43 51 1
51 52 1
52 54 4
55 57 3
57 64 1
64 65 4
85 6 9 9 4
34 51 3
63 65 5
65 81 4
81 85 6
65 61 66 1 6
6 8 36
8 14 59
14 28 56
28 30 34
55 60 7
60 65 65
67 6 7 8 2
39 56 4
56 59 13
78 54 59 1 10
1 3 28
13 17 25
17 18 38
29 30 46
30 37 13
38 41 3
41 54 12
60 65 24
69 74 13
74 76 12
60 8 46 1 3
0 9 58
40 42 30
42 60 26
77 1 3 23 8
11 17 3
17 20 2
33 41 3
41 46 2
55 57 3
58 59 2
59 62 1
62 76 3
66 4 23 1 15
0 11 35
14 23 51
23 25 65
25 27 1
27 28 20
28 30 32
35 36 10
36 39 45
42 48 55
48 49 8
49 50 44
50 59 20
59 62 41
62 63 21
63 64 55
76 2 12 7 13
8 13 9
13 17 2
17 32 10
32 38 9
38 41 3
41 42 3
42 47 6
47 49 9
49 51 8
51 61 6
61 67 10
67 68 7
68 76 6
