40
10 1 4 1 2
4 6 1
6 9 2
12 1 2 4 1
6 12 1
20 1 3 20 5
0 4 5
4 8 4
8 12 3
12 16 2
16 20 1
12 1 2 2 1
6 12 1
12 1 2 3 1
6 12 1
12 1 2 5 1
6 12 1
12 1 2 6 1
6 12 1
100 3 7 5 1
0 100 10
100 1 10 1 20
0 5 40
5 10 50
10 15 40
15 20 50
20 25 40
25 30 50
30 35 40
35 40 50
40 45 40
45 50 50
50 55 40
55 60 50
60 65 40
65 70 50
70 75 40
75 80 50
80 85 40
85 90 50
90 95 40
95 100 45
1 4 31 1 1
0 1 1
100 2 3 1 1
67 100 1
100 7 12 2 20
3 4 6
4 9 20
10 11 20
11 13 5
15 16 14
34 35 7
35 36 8
37 38 2
38 41 1
41 44 2
48 49 20
50 59 4
61 62 15
65 66 6
78 85 1
90 91 19
91 92 13
92 95 7
95 98 17
99 100 1
100 2 10 9 20
8 13 5
13 16 4
23 28 10
28 30 1
39 42 10
42 45 3
45 47 7
52 53 6
53 54 3
61 62 10
62 63 2
68 70 8
78 81 2
82 84 3
84 86 11
88 91 3
91 93 8
93 95 8
95 96 6
97 100 11
100 2 3 31 20
11 15 1
15 18 3
23 24 1
31 34 3
34 35 1
35 39 2
39 40 1
41 42 2
42 43 3
56 57 3
60 61 4
62 63 3
65 66 3
75 76 2
76 79 3
83 88 1
88 90 3
90 94 3
94 99 1
99 100 4
100 4 16 100 20
0 1 13
9 12 13
12 13 3
13 14 6
19 21 1
21 22 10
22 23 14
24 28 6
29 34 9
34 37 1
39 40 10
40 43 9
50 51 10
52 53 2
54 56 7
56 58 11
58 62 12
62 67 17
74 75 1
88 92 14
61 1 2 25 18
1 3 1
3 5 2
7 8 1
9 13 1
15 18 2
18 22 2
23 24 1
30 31 2
34 36 2
36 37 2
38 40 2
40 41 1
42 44 1
46 47 2
47 50 1
54 57 1
57 59 2
59 61 1
93 32 100 1 4
33 46 91
46 62 50
62 70 50
70 76 13
100 2 5 7 20
4 7 2
7 9 12
22 26 11
26 28 7
28 30 11
30 33 6
33 37 8
37 39 3
45 47 12
47 49 5
49 55 1
56 61 7
61 62 8
62 67 12
67 68 3
76 79 13
79 81 13
83 85 3
85 86 3
95 96 13
100 7 10 8 20
3 4 9
7 9 9
9 10 14
10 11 6
11 15 7
32 36 4
42 44 9
44 48 10
48 51 14
51 53 14
53 59 5
64 66 9
73 74 14
76 78 4
78 79 11
79 81 11
85 88 7
88 90 13
90 96 6
96 98 7
100 3 4 24 20
1 2 1
2 3 5
4 5 4
5 6 5
6 8 4
12 13 5
15 18 4
21 27 5
50 51 4
51 53 4
53 54 3
56 58 2
58 61 5
65 66 2
66 67 1
80 82 4
82 84 1
88 92 5
92 94 1
99 100 3
100 3 5 100 20
2 3 5
4 8 2
8 13 1
13 17 4
19 21 5
25 31 7
31 32 8
32 33 6
38 43 6
43 44 1
49 52 7
52 53 8
53 54 2
61 66 7
70 71 1
71 76 7
76 77 1
77 79 2
79 80 3
84 88 8
72 1 2 28 11
1 7 2
7 12 1
12 23 2
23 26 2
26 30 2
30 36 2
36 37 2
37 42 1
44 46 2
65 70 1
70 72 2
96 83 100 1 14
0 3 58
13 17 11
31 36 67
36 38 12
38 40 77
42 44 95
49 50 80
50 55 73
58 60 88
60 66 48
74 85 77
86 89 95
89 92 62
92 96 9
100 12 14 3 20
3 5 7
5 11 11
11 14 11
14 15 11
15 17 7
22 24 9
25 32 3
39 40 2
41 42 4
50 61 4
68 69 6
70 71 5
71 72 12
72 74 9
77 79 5
84 85 10
85 89 7
89 91 5
96 97 2
97 100 10
100 2 3 27 20
1 3 2
6 7 5
10 11 5
12 13 1
19 20 1
20 22 2
24 26 5
27 28 2
31 35 5
35 36 4
36 38 4
38 39 4
39 43 1
44 47 1
47 49 4
49 51 1
53 55 2
55 56 3
66 68 5
99 100 5
100 1 7 25 20
5 7 13
8 9 3
10 17 2
17 20 3
27 28 14
28 29 3
29 31 10
32 33 18
33 34 11
43 53 16
53 54 9
55 57 16
64 67 6
74 76 13
76 77 8
77 78 17
78 82 10
88 94 1
95 97 11
98 100 9
100 2 3 100 20
0 1 1
2 4 1
4 9 2
17 18 3
24 26 3
27 28 2
30 32 1
32 33 3
39 42 1
48 51 3
57 62 2
63 64 3
64 65 2
68 72 1
72 76 1
83 87 3
87 89 2
92 94 3
95 97 2
97 100 1
80 1 2 33 15
2 8 2
8 11 2
11 12 1
14 20 2
22 23 1
26 29 1
29 30 2
30 33 2
33 34 2
34 36 1
46 47 1
47 64 1
64 65 2
65 66 1
70 75 1
87 42 100 1 11
3 13 46
13 14 48
14 21 16
25 26 41
26 27 9
29 38 51
38 44 95
44 55 15
57 67 30
67 71 82
79 82 44
97 4 5 15 15
6 8 4
8 15 2
15 22 3
22 23 5
23 27 5
27 29 3
29 49 1
49 52 3
52 57 4
57 60 5
60 61 4
61 72 4
72 78 5
78 87 1
87 97 1
98 5 6 12 3
6 14 1
14 33 2
33 66 5
89 3 14 5 3
39 43 14
43 61 19
61 89 18
53 4 9 5 15
1 2 6
9 14 12
14 16 15
16 19 1
19 20 15
20 21 2
22 23 11
24 26 10
28 29 9
29 31 10
31 32 9
34 35 9
35 36 2
36 37 8
37 41 11
95 12 13 5 11
2 3 6
4 12 15
12 36 10
49 50 5
57 60 13
60 63 1
63 66 7
66 68 10
74 77 8
81 87 2
87 92 1
100 1 2 31 5
1 9 14
9 12 20
26 46 11
59 69 17
99 100 13
76 1 2 31 9
7 13 3
13 16 2
16 32 1
34 44 2
45 46 3
46 48 2
48 53 2
73 74 2
74 76 1
64 6 13 5 19
2 3 10
3 4 6
4 13 9
13 20 4
20 21 8
21 23 8
23 24 2
24 25 17
25 29 4
29 30 2
30 31 2
31 35 11
35 38 10
38 42 9
42 45 2
45 58 7
58 61 4
61 63 1
63 64 11
84 1 3 22 20
0 3 3
5 7 3
7 12 3
12 16 1
16 19 1
21 26 3
26 28 1
30 31 4
31 34 3
35 36 3
36 37 3
37 38 3
38 39 4
44 47 3
47 57 2
69 71 4
74 76 4
76 80 4
81 82 4
83 84 2
89 1 3 27 16
0 1 1
1 6 3
7 8 1
18 20 2
20 21 3
24 27 3
29 30 2
30 34 1
34 37 1
37 38 1
38 50 1
50 54 3
54 57 2
58 60 1
60 63 1
87 89 2
71 3 4 14 6
3 4 1
4 12 4
12 20 3
33 42 3
42 47 3
59 71 3
