20
6 7 2
1111111
1122271
1211521
1329131
1242121
1122211
3 3 7
123
234
345
3 3 82
000
000
000
10 10 30
2537722919
1785554540
5164265245
6664265455
5154645434
1135554544
0454345556
9652645426
9813734743
4093327796
10 10 18
9275418104
7308628463
7628264986
5268031911
5145727903
4056474173
7232434727
1908405217
7574242851
1256690194
3 3 19
723
394
614
10 10 94
8569458459
5014133024
6235345256
9458469458
3124124035
6236336235
9467458458
4113014014
5337357256
8569568569
10 10 30
3428732869
2026057027
4396651664
5909903101
2234030754
6298053219
8819721241
3656352547
9290005348
5268350486
10 10 76
0563444365
8455566654
0345462633
5447174664
2565343525
0465273484
1363561453
1537546655
4244626446
0539225856
10 10 12
7988643029
6066139036
7451807705
2632540439
3891790139
9310971983
9340452362
5077081547
6309316606
9203468897
10 10 33
8127437687
1252702000
4239005160
6638491361
2738210410
6741842380
5478430566
6851872835
0044321579
6455598564
10 10 49
0195284512
8928923078
4983460336
8368175962
0008395537
7355938000
2695718638
6330643894
8703298298
2154825910
10 10 100
3990250129
5141272713
8478999211
6437653897
7491700982
2682673504
6819677968
6524797787
1250419869
4485645353
10 10 84
0701552560
7005257536
2575446625
1674342454
6593762653
0636373545
1830456536
7846902716
5130240357
9674619791
10 10 100
9999999999
9999999999
9999999999
9999999999
9999999999
9999999999
9999999999
9999999999
9999999999
9999999999
10 10 57
5080852191
1230667051
7447343864
4362349579
9932118845
1116172658
2919473543
6529753837
3607234699
4208147621
10 10 69
9664599663
2158076837
0692051536
4587393644
6496013865
5683106946
4463937854
6351502960
7386708512
3669954669
10 10 81
3046443735
3466433764
3464255453
4533665514
0646371466
0346364624
1525174536
4556613575
5146344558
0466545281
10 10 68
6738724046
6566283275
8894082145
0689258738
8837381638
8361837388
8378529860
5412804988
5723826656
6404278376
10 10 24
1980625292
8681096188
6091822241
8528782431
9197216126
9878170524
6018009242
5334165979
8895604856
2285205121
