50
2 1
0,1
3 3
0,1 1,2 0,2
5 5
0,4 0,2 2,4 1,2 1,4
7 9
0,6 0,2 0,4 2,4 3,4 2,3 3,5 4,5 1,5
24 24
20,21 13,14 1,4 18,19 12,13 6,7 21,22 16,17 7,8 0,3 17,18 15,16 11,12 8,9 5,6 1,2 19,20 14,15 4,5 2,3 0,23 10,11 9,10 22,23
23 56
4,12 0,6 0,19 4,5 2,3 1,6 1,13 14,22 2,10 4,6 14,18 6,16 2,8 0,2 7,8 9,10 5,6 7,19 13,21 16,19 0,8 6,7 18,20 5,17 1,4 5,18 8,9 3,4 16,17 7,12 10,22 8,21 1,19 15,20 2,16 4,20 2,5 5,21 1,17 3,22 0,11 13,20 10,11 17,21 2,7 4,7 1,16 11,12 18,19 12,13 5,9 17,19 2,18 13,14 8,20 3,14
29 158
3,4 5,26 6,18 15,25 14,27 1,5 14,18 14,21 12,25 8,22 15,16 15,18 13,24 1,11 13,26 10,26 9,25 6,28 7,18 1,4 5,27 11,20 13,19 11,23 10,25 7,17 8,18 5,21 5,19 8,21 7,16 6,20 6,22 12,16 11,24 7,21 10,17 14,25 5,22 7,22 5,16 9,27 8,23 12,18 9,24 15,23 15,24 14,17 12,28 13,22 12,20 5,24 7,25 11,19 9,28 0,6 10,23 6,23 13,27 9,18 9,22 5,25 14,26 14,22 10,27 12,17 13,18 1,9 12,23 13,25 9,20 7,24 13,21 15,17 10,19 9,19 12,27 6,25 10,20 9,17 10,18 9,16 8,17 6,16 7,28 13,20 15,26 5,17 9,26 11,17 14,19 11,26 6,19 7,26 5,18 0,12 10,24 15,28 8,19 0,10 13,16 15,19 14,20 5,23 8,26 8,28 6,27 5,20 6,24 7,23 6,26 12,24 14,16 13,23 0,2 12,26 15,20 11,16 14,24 11,28 15,22 10,28 12,22 11,22 2,3 7,27 1,15 15,27 11,18 5,28 10,22 6,17 10,16 13,17 8,25 11,21 14,23 0,8 8,16 9,21 7,19 11,27 0,14 8,24 6,21 9,23 12,19 1,13 8,27 14,28 15,21 10,21 7,20 12,21 13,28 11,25 1,7 8,20
5 5
1,4 3,4 0,3 0,2 1,2
34 326
26,33 4,19 6,20 7,29 3,13 4,26 17,26 14,15 3,16 23,28 2,14 9,21 6,33 3,31 18,24 0,2 3,8 14,30 0,6 5,15 4,12 0,31 10,13 14,28 12,17 24,32 13,23 25,26 23,26 5,9 12,29 15,28 1,32 21,24 5,10 6,8 18,21 12,28 24,27 19,20 2,6 0,7 20,28 10,12 12,21 15,31 15,26 2,13 24,26 12,13 24,30 14,27 8,9 15,22 4,20 12,26 15,32 21,31 3,18 6,17 23,27 1,3 25,33 21,28 25,32 10,31 5,6 13,32 13,14 4,14 9,26 0,30 1,12 16,32 13,15 11,26 29,30 15,19 17,18 23,24 7,28 3,7 7,26 5,17 1,25 12,32 5,12 4,13 26,27 24,29 18,23 11,14 25,28 8,17 12,18 7,11 2,15 7,32 9,31 8,13 13,19 19,22 4,8 4,33 26,30 2,32 20,31 8,11 0,26 1,28 9,16 2,8 6,19 2,16 3,26 15,17 5,7 8,19 20,33 11,20 8,27 7,21 0,10 12,22 13,31 18,25 18,19 3,33 14,26 8,25 9,10 22,23 2,12 17,33 17,23 6,28 2,24 10,26 22,31 10,32 3,32 20,21 22,33 16,21 22,30 1,23 15,23 0,33 6,31 6,24 17,27 1,17 13,16 8,20 28,33 12,27 19,28 11,25 0,5 0,8 0,29 5,25 0,18 11,21 4,15 13,24 29,31 9,18 10,27 13,18 5,22 10,20 24,31 2,3 30,32 11,18 9,24 5,32 7,14 16,27 1,15 16,20 8,26 9,23 5,24 6,22 5,11 0,4 2,4 17,29 13,21 14,18 7,17 10,33 2,19 1,2 8,14 7,8 7,15 18,22 1,10 18,20 3,24 7,31 5,13 16,17 22,24 29,32 6,21 15,16 8,22 0,25 11,29 15,25 19,25 15,33 24,28 9,22 4,29 17,30 8,28 21,22 14,33 2,5 1,19 12,31 4,24 26,28 18,26 8,24 3,25 22,26 20,26 3,28 19,24 5,20 4,5 14,32 12,20 2,21 3,29 3,27 3,15 11,33 28,31 17,32 5,29 11,17 12,15 0,32 29,33 23,33 7,16 6,26 6,12 0,15 1,22 4,21 12,24 18,33 0,3 4,9 0,13 4,25 4,16 3,10 16,29 10,17 2,23 13,22 1,26 10,11 7,24 11,22 2,25 15,24 6,15 6,9 3,19 7,9 5,19 3,21 0,23 1,30 7,22 23,25 7,19 2,26 14,16 9,30 9,19 9,29 11,12 14,19 1,29 1,13 28,32 16,23 2,11 13,20 1,31 7,20 13,29 2,20 26,32 2,9 13,33 23,31 20,24 6,7 2,7 10,22 14,25 20,27 24,25 10,28 11,16 15,30 9,14 13,30 0,16 7,10 0,19 31,32 10,23 3,4
28 88
1,24 2,25 13,24 15,25 5,7 10,12 17,23 22,23 10,20 5,9 19,26 6,7 3,21 12,23 4,25 6,13 10,18 15,18 10,19 4,22 2,3 12,18 23,24 9,10 7,18 8,9 9,11 3,18 3,12 4,27 15,22 8,27 4,19 11,12 23,26 9,21 3,19 1,8 19,20 8,11 0,2 12,13 24,25 11,19 17,18 14,15 10,11 2,23 14,26 4,21 13,25 1,19 15,16 7,8 20,21 12,26 20,26 15,17 12,16 8,14 2,14 3,4 7,20 3,27 1,9 13,26 16,18 16,17 15,21 19,27 18,19 5,22 0,18 13,14 8,21 11,26 4,5 21,22 3,20 6,24 21,27 2,9 0,26 10,22 13,15 5,6 5,26 11,18
20 61
2,17 9,15 7,9 11,14 10,11 3,12 7,8 11,19 14,19 9,10 16,18 7,18 6,7 1,12 1,11 7,16 14,17 4,15 5,6 16,17 5,14 4,19 0,10 11,12 2,11 13,14 2,3 15,16 1,2 2,15 10,14 7,14 1,13 1,17 2,16 3,19 5,9 12,13 8,13 10,18 6,9 7,19 7,13 10,15 3,7 2,8 5,13 0,12 0,7 9,16 8,9 6,12 3,4 4,5 0,17 2,10 14,18 4,14 1,18 0,2 14,15
27 153
8,17 13,23 8,10 12,26 15,23 16,20 12,18 12,20 2,11 16,26 14,18 11,19 17,26 12,23 1,24 12,19 1,20 14,20 1,26 15,18 14,23 12,24 0,4 14,19 9,13 11,20 13,20 14,21 3,16 1,18 3,15 15,21 16,18 11,23 11,25 7,14 8,13 1,19 4,14 6,10 17,23 9,16 17,20 10,18 14,26 13,22 4,11 16,25 15,22 9,11 10,26 8,14 2,15 15,20 7,17 7,15 9,17 5,13 17,18 0,3 16,19 7,10 6,15 4,16 3,11 7,11 12,22 0,9 15,19 13,19 4,17 0,5 6,16 11,24 16,22 11,21 2,10 12,21 17,22 11,22 5,17 10,24 16,24 6,12 0,8 12,25 16,23 13,24 17,25 10,21 4,15 8,15 0,7 5,10 1,22 3,10 15,26 14,22 2,13 17,19 2,17 5,11 1,25 15,25 8,12 0,6 9,10 13,25 4,12 7,12 15,24 13,26 14,24 8,11 9,15 10,22 11,26 11,18 3,14 7,13 13,21 3,12 13,18 17,24 5,15 0,2 7,16 2,12 16,21 6,11 4,10 9,12 3,17 6,14 14,25 3,13 2,16 10,20 8,16 5,16 10,19 2,14 10,23 17,21 6,13 5,12 1,23 6,17 1,21 10,25 4,13 9,14 5,14
26 94
4,13 13,18 6,16 13,25 3,14 7,8 9,21 8,9 13,19 6,10 13,21 8,20 2,20 7,19 16,25 5,12 5,20 11,23 19,23 7,22 6,8 4,7 13,17 7,18 19,22 8,10 19,24 4,18 10,15 2,10 9,19 2,17 5,16 16,20 16,21 0,1 8,19 16,18 4,5 4,11 13,20 22,25 12,16 4,23 6,17 9,17 20,24 2,5 12,21 7,10 11,14 14,17 2,19 3,21 16,22 4,21 2,7 9,10 3,15 4,22 9,18 7,20 4,17 5,7 7,9 3,7 2,15 8,11 6,12 12,24 12,18 16,17 9,20 2,11 13,22 2,6 24,25 3,8 4,19 9,25 6,13 6,9 8,21 2,18 14,22 4,16 11,22 2,23 12,20 18,21 4,20 6,18 7,21 15,21
25 128
7,10 15,18 11,23 9,17 9,18 14,19 1,24 5,14 12,21 3,15 11,20 15,22 0,7 1,16 0,4 5,15 8,13 8,15 15,23 14,21 12,24 13,16 1,22 13,17 2,10 9,22 1,23 10,24 12,22 10,20 11,24 12,19 9,19 6,13 2,14 10,17 12,23 15,16 8,10 15,24 6,11 13,19 7,9 4,14 12,18 9,20 11,18 4,9 10,19 11,17 13,23 4,10 5,12 1,20 14,22 15,19 10,23 11,16 3,9 0,3 14,16 12,16 14,24 2,9 2,12 1,18 4,11 8,11 6,12 6,14 0,6 10,16 5,11 8,12 11,19 7,15 12,20 2,15 7,14 14,17 1,19 6,9 5,9 13,22 8,9 2,11 1,21 10,21 13,21 0,2 11,21 3,10 6,10 13,18 9,21 9,24 10,18 3,12 13,24 12,17 5,10 5,13 15,20 4,12 7,11 14,20 6,15 9,16 0,8 4,15 10,22 7,12 11,22 15,17 3,14 4,13 3,11 1,17 14,18 9,23 2,13 0,5 7,13 14,23 13,20 3,13 15,21 8,14
25 118
8,9 3,10 13,19 6,16 1,16 6,12 1,19 1,9 21,24 10,11 3,23 6,8 0,6 7,8 18,23 2,5 13,18 9,10 6,10 0,2 10,22 20,23 17,23 22,23 11,21 15,19 1,7 15,16 3,24 20,21 16,20 22,24 4,23 7,21 1,24 15,21 1,20 13,14 6,14 0,11 13,17 5,21 9,22 2,17 7,9 12,15 8,18 17,18 7,18 5,6 7,16 19,20 3,21 10,19 2,3 14,23 9,21 6,11 8,21 7,12 2,11 10,17 8,16 12,13 5,13 0,1 15,20 12,19 5,17 14,22 11,14 15,17 11,12 7,20 0,13 8,15 9,17 13,16 1,5 6,9 6,23 2,23 9,12 14,15 4,5 0,23 3,4 2,24 9,14 5,9 19,22 2,14 18,22 7,14 16,17 20,24 11,19 10,16 19,21 5,16 1,21 1,8 7,13 18,19 6,19 6,7 0,14 1,18 5,22 7,15 7,11 9,18 5,24 1,6 16,22 12,20 10,15 5,15
22 39
3,5 5,7 2,5 17,18 20,21 4,5 11,15 1,18 9,11 7,9 13,14 10,13 7,10 17,19 1,20 8,9 9,12 1,19 17,20 0,2 6,7 13,15 11,14 16,19 12,15 3,6 10,12 14,17 14,16 0,4 12,14 5,8 15,17 9,13 2,6 8,10 16,18 6,8 4,6
36 65
0,2 30,32 15,17 16,20 29,34 24,25 20,21 5,8 4,7 23,25 6,10 25,27 13,15 1,32 22,23 14,16 26,28 27,29 26,27 22,24 16,18 2,6 4,5 19,22 10,13 27,31 33,35 7,9 11,14 11,15 34,35 5,10 28,31 28,29 10,11 31,34 10,12 27,30 5,9 9,12 7,8 12,15 0,4 1,33 16,19 20,22 19,21 3,6 18,22 8,11 32,35 17,20 8,12 25,28 2,5 21,24 31,32 12,14 7,10 13,14 1,34 21,23 15,16 17,19 24,26
36 35
26,27 1,35 7,8 24,25 33,34 11,12 0,2 32,33 5,6 25,26 34,35 29,30 6,7 18,19 15,16 23,24 30,31 20,21 21,22 12,13 16,17 17,18 31,32 10,11 27,28 4,5 14,15 28,29 22,23 19,20 2,3 3,4 13,14 8,9 9,10
21 91
2,9 10,15 13,15 3,10 8,20 3,9 12,18 2,8 13,20 8,18 10,18 11,20 7,13 13,16 11,17 11,18 1,16 2,11 8,19 0,4 8,14 0,7 9,17 9,15 9,18 0,5 8,16 4,12 4,13 1,18 7,11 5,13 9,16 3,11 5,10 1,17 13,18 11,16 5,8 6,13 7,9 6,9 4,9 6,10 1,15 7,10 0,2 4,10 5,11 11,15 13,19 1,19 2,10 3,12 7,12 1,20 12,15 6,11 0,3 8,15 12,17 0,6 3,8 12,16 1,14 5,12 12,14 10,19 13,14 9,14 5,9 11,19 13,17 6,8 12,19 4,8 10,16 9,20 7,8 9,19 8,17 6,12 11,14 10,14 2,12 10,17 4,11 2,13 3,13 12,20 10,20
27 153
11,21 6,13 11,20 7,15 2,11 17,25 5,10 13,20 16,23 15,21 5,13 17,19 13,18 3,13 7,17 14,20 3,11 1,21 1,24 12,22 16,26 10,22 17,24 11,24 3,17 6,10 16,20 12,21 3,14 0,3 5,15 0,4 6,11 5,16 8,17 14,18 0,8 10,18 4,15 10,26 14,24 15,19 4,10 1,25 9,14 17,18 15,18 14,21 9,10 15,23 8,13 11,23 13,19 7,14 16,21 2,13 10,24 13,26 2,12 16,19 6,15 0,9 8,12 2,14 3,10 15,26 14,26 5,17 17,20 2,10 12,20 11,18 14,25 4,16 8,10 0,7 4,13 15,22 12,26 6,17 1,20 5,12 16,18 13,25 1,19 12,25 11,22 11,25 12,19 6,16 13,24 4,14 12,18 9,11 2,17 16,25 4,12 3,16 8,11 6,14 9,16 8,15 10,21 11,26 15,24 13,21 1,22 12,24 16,24 14,22 5,11 0,2 10,23 4,17 17,21 10,19 15,20 15,25 6,12 11,19 4,11 7,13 17,26 14,19 8,16 3,15 0,6 14,23 10,20 13,23 13,22 9,17 5,14 7,10 7,16 1,18 9,13 7,12 17,23 9,15 8,14 3,12 12,23 1,23 16,22 2,15 9,12 2,16 0,5 17,22 10,25 1,26 7,11
36 276
4,21 0,7 16,26 9,17 14,35 5,15 13,24 6,23 16,31 6,20 19,29 7,23 22,31 20,29 15,28 3,16 11,19 6,15 2,22 19,25 2,20 20,35 23,31 21,31 7,20 9,20 6,14 21,33 18,30 15,27 13,31 13,28 10,18 1,31 10,14 6,19 1,27 7,18 10,20 3,15 19,34 22,27 3,17 5,16 19,28 8,14 13,25 1,35 9,13 16,32 22,29 14,29 12,22 23,32 11,16 8,16 5,19 20,32 17,25 12,14 14,30 22,32 0,11 6,13 4,20 23,35 20,25 7,16 11,14 11,21 1,30 15,30 3,22 20,30 12,20 3,18 16,33 8,15 10,16 20,27 2,14 14,24 20,34 4,15 22,26 4,13 0,2 2,18 23,33 9,18 12,19 23,27 21,34 9,23 0,5 12,17 12,13 7,13 18,32 18,34 6,16 0,8 13,30 21,30 16,27 20,33 15,24 23,34 8,19 5,13 12,21 0,6 7,19 4,17 8,13 14,33 21,28 0,12 4,23 14,25 18,25 17,29 21,27 14,32 9,22 16,28 5,20 20,31 21,32 15,35 23,30 2,13 15,26 13,35 3,19 23,25 1,33 1,28 18,31 20,28 11,17 7,15 0,3 5,22 1,26 2,19 4,22 19,24 8,22 15,34 5,17 21,35 10,15 6,18 21,25 7,14 13,27 16,25 11,13 1,34 16,34 8,18 9,15 17,33 18,33 3,14 14,31 20,24 8,20 17,28 18,27 10,23 5,23 17,31 4,18 2,15 15,31 19,35 10,22 0,4 19,32 2,17 17,35 10,19 17,24 12,18 23,29 21,26 13,29 23,24 18,28 17,27 21,24 12,15 14,28 6,22 16,35 6,17 3,23 11,22 23,28 5,18 14,27 22,33 11,20 9,14 13,34 16,29 11,23 15,33 15,29 4,19 2,16 22,35 14,26 13,32 23,26 10,17 6,21 1,32 11,18 4,16 8,23 18,26 19,30 7,22 0,10 22,25 16,24 20,26 9,19 19,27 21,29 8,17 17,32 22,24 12,23 12,16 19,33 11,15 19,31 4,14 1,25 10,21 13,26 10,13 13,33 22,30 7,17 0,9 18,35 3,21 22,28 14,34 9,16 2,21 19,26 15,32 1,24 17,26 3,20 22,34 17,34 1,29 18,24 18,29 9,21 16,30 2,23 17,30 8,21 5,21 5,14 15,25 7,21 3,13
16 15
5,6 4,11 6,13 5,12 3,4 4,5 3,10 0,15 6,14 1,8 2,9 2,3 0,7 0,2 1,6
18 24
11,12 7,17 8,12 1,14 10,15 5,6 7,8 0,17 2,3 13,14 4,9 12,13 12,15 0,7 0,1 3,5 8,9 0,2 9,10 4,5 10,11 3,4 6,7 4,12
30 190
12,23 8,19 0,5 0,8 10,16 6,14 3,11 19,21 8,11 12,24 2,18 5,14 4,17 8,17 19,24 1,25 17,29 13,20 16,20 9,16 3,12 16,26 10,13 7,14 6,12 2,12 2,11 16,24 1,28 2,15 8,13 14,21 13,24 11,23 8,12 12,28 18,23 18,28 3,13 1,29 18,25 1,20 15,22 8,14 7,17 10,17 11,22 18,21 11,25 3,18 15,21 10,15 7,16 16,29 4,18 5,18 18,20 14,23 8,15 9,13 3,17 15,28 13,29 3,15 7,19 4,12 1,21 5,16 13,26 12,26 0,2 4,11 14,29 0,6 4,19 18,24 15,20 17,22 10,18 6,15 5,11 0,9 15,27 12,25 4,14 17,27 17,28 19,25 5,12 11,20 8,16 9,11 17,25 0,10 15,29 5,15 3,14 17,20 11,24 15,23 1,24 12,27 11,28 6,11 12,21 3,16 14,27 13,22 7,15 2,14 18,27 17,21 19,27 6,19 4,13 16,27 16,23 13,21 5,13 9,15 7,18 19,23 2,13 0,7 7,11 15,24 9,17 13,27 17,24 19,28 9,12 19,22 12,20 10,14 11,29 5,19 1,23 16,25 0,3 9,19 14,26 6,13 19,29 4,16 2,17 14,24 14,28 0,4 7,13 12,22 6,16 10,11 18,29 3,19 11,26 14,20 16,22 17,26 6,17 5,17 14,25 11,27 13,23 13,28 18,26 10,19 19,20 14,22 1,22 16,28 4,15 9,14 1,26 19,26 16,21 18,22 6,18 9,18 2,16 10,12 8,18 17,23 2,19 1,27 11,21 12,29 15,25 13,25 7,12 15,26
24 41
8,9 18,20 4,6 10,14 10,12 2,4 15,17 9,12 7,11 21,22 21,23 8,10 20,23 14,16 15,18 0,3 11,14 11,12 13,15 7,10 12,16 3,4 17,19 13,16 0,2 16,17 11,13 6,11 3,5 1,19 14,15 9,14 5,8 8,11 12,15 18,21 5,6 6,10 16,18 1,21 10,13
32 50
0,3 5,6 7,10 2,4 10,12 18,20 5,7 13,17 27,29 3,4 25,29 25,28 16,18 29,30 4,7 7,8 22,25 28,30 24,26 8,11 1,28 19,20 6,9 2,5 1,29 19,21 24,25 16,19 21,24 12,15 24,27 4,6 6,10 14,16 7,9 15,17 17,18 27,28 29,31 14,17 0,2 20,24 23,25 3,5 13,16 12,13 11,13 10,11 17,19 6,8
29 180
0,9 12,27 10,26 16,21 10,21 9,14 4,13 1,26 13,26 13,21 10,25 10,22 18,28 10,27 17,27 1,28 18,22 7,11 11,20 5,11 16,23 7,17 6,15 4,17 1,21 14,28 11,28 11,27 11,22 1,19 5,17 18,26 8,12 7,10 1,25 8,18 14,19 15,28 13,20 10,23 7,14 5,13 12,28 1,23 0,6 5,12 15,27 10,24 10,20 5,16 3,14 5,10 12,22 13,24 4,11 9,16 12,24 16,24 18,23 0,7 17,25 2,12 14,27 8,11 16,20 8,10 0,4 16,28 17,26 3,12 0,3 18,21 13,25 0,2 8,13 1,22 6,16 3,11 18,27 15,20 16,26 9,12 7,18 0,5 7,12 16,19 12,20 2,18 2,15 6,11 3,18 6,12 10,19 3,16 14,24 11,23 2,10 17,19 5,18 18,20 4,15 17,23 12,25 4,12 8,17 16,22 14,25 14,20 18,24 8,16 11,25 4,14 2,13 7,13 17,22 8,14 15,19 17,20 6,17 9,13 17,21 12,21 11,24 17,24 16,27 1,20 13,23 3,15 11,26 7,16 17,28 15,26 18,19 3,10 13,28 2,11 15,22 13,22 2,14 1,27 12,26 9,10 1,24 4,18 18,25 7,15 12,23 0,8 3,13 15,25 9,15 9,18 8,15 6,14 16,25 3,17 2,16 5,15 11,19 4,10 15,24 13,19 6,18 14,23 14,22 14,21 6,13 5,14 9,11 14,26 15,21 2,17 15,23 11,21 13,27 6,10 4,16 9,17 12,19 10,28
23 92
9,22 3,4 12,18 7,17 6,15 6,17 10,16 11,18 9,16 11,16 10,18 0,12 1,5 8,13 12,21 5,19 11,17 5,18 6,13 5,20 6,19 12,20 8,19 8,18 12,17 6,16 7,15 0,2 5,16 9,18 11,20 7,22 10,15 11,21 10,13 11,19 6,21 10,19 11,22 9,15 7,16 8,16 5,22 7,21 0,8 7,18 1,9 8,17 5,21 0,6 2,3 6,22 9,20 8,21 12,14 11,15 10,21 8,22 8,15 6,14 6,18 6,20 5,17 9,17 10,14 11,14 8,14 1,11 12,19 8,20 1,4 10,22 7,13 12,22 5,15 0,10 1,7 7,14 9,14 12,16 10,20 7,20 9,13 9,19 9,21 5,14 5,13 10,17 12,15 12,13 7,19 11,13
23 36
21,22 15,17 3,6 11,14 0,2 9,13 5,7 8,10 0,3 10,13 4,6 10,11 13,15 7,9 9,12 17,19 1,20 13,14 10,12 3,5 14,16 1,21 12,14 6,8 15,16 12,15 0,4 16,19 11,15 20,22 17,18 5,8 9,11 18,21 14,17 19,21
27 153
7,16 0,7 16,18 1,19 10,25 12,25 14,26 10,22 5,17 5,14 10,21 10,18 0,5 5,11 15,26 3,12 16,23 12,22 7,15 2,16 14,20 14,19 6,11 14,21 7,17 4,12 8,12 1,26 2,17 2,15 9,14 2,13 15,23 11,18 6,17 13,24 13,19 13,20 0,4 10,20 6,12 5,15 16,26 13,23 15,18 1,23 8,10 8,13 11,20 12,23 14,23 16,19 4,13 17,23 17,26 1,24 11,22 11,24 2,10 13,26 8,15 15,25 8,16 7,11 17,19 9,16 1,21 7,10 13,21 5,10 11,21 14,24 15,24 9,11 3,13 11,25 4,15 12,20 16,22 4,14 15,19 7,13 9,15 4,16 5,13 5,16 15,21 6,14 11,23 1,20 12,19 8,17 15,20 10,24 9,12 3,17 16,20 0,2 7,14 4,10 0,6 3,15 2,12 16,24 12,26 10,23 6,16 14,18 4,11 6,13 3,11 2,11 17,18 17,25 13,22 9,13 8,11 3,16 7,12 16,21 0,3 6,10 10,26 1,18 17,22 13,25 12,24 0,8 17,20 16,25 9,10 11,19 14,22 14,25 12,18 15,22 17,24 8,14 6,15 5,12 1,22 12,21 0,9 11,26 2,14 3,10 4,17 3,14 10,19 1,25 9,17 17,21 13,18
36 270
19,26 19,31 25,27 11,24 4,28 15,34 23,24 26,32 16,28 13,28 3,14 15,21 19,23 2,21 5,18 4,16 15,24 19,21 8,14 15,19 5,23 6,24 9,22 7,13 5,13 4,33 6,27 2,13 10,11 16,22 6,11 7,32 27,29 9,28 1,4 30,35 8,35 14,27 13,16 20,35 15,29 9,20 12,13 9,16 23,29 20,32 27,34 13,20 2,17 20,28 18,28 25,26 7,29 16,30 17,27 16,26 13,14 22,34 15,33 17,20 6,25 19,33 5,15 25,28 6,20 1,17 7,31 1,14 32,34 4,17 1,8 6,17 3,10 5,34 2,28 8,9 7,17 14,17 21,22 12,35 3,33 3,4 3,11 33,34 17,26 23,34 22,27 5,6 18,34 1,35 13,22 18,25 17,22 1,16 7,12 4,15 6,29 22,28 0,20 6,33 10,30 0,18 22,31 5,20 4,5 18,35 7,15 2,26 26,30 21,32 12,15 21,29 7,19 24,27 2,19 20,23 14,24 25,35 17,18 7,8 10,16 7,14 13,35 4,32 16,33 19,29 23,25 10,26 19,35 31,35 11,28 7,24 4,24 28,34 11,27 17,25 2,18 17,28 28,30 5,10 13,21 2,34 6,8 21,23 10,15 11,20 17,24 2,3 13,24 29,34 14,29 30,34 6,14 15,31 16,29 16,27 11,30 5,19 1,33 25,29 3,9 2,23 3,32 24,31 11,13 7,28 6,32 4,18 19,27 6,15 6,23 4,6 9,10 9,19 8,21 1,26 16,32 13,30 3,20 9,27 1,20 3,7 21,31 11,12 2,9 4,29 11,33 9,32 9,14 4,30 26,29 5,32 12,23 10,23 1,10 0,15 14,35 15,28 10,29 13,31 10,31 11,35 5,12 4,19 15,17 4,21 11,29 1,12 13,19 21,26 17,23 7,9 2,30 0,19 2,35 22,25 14,19 30,31 1,9 3,28 11,14 11,25 0,2 2,31 4,31 17,29 24,33 5,35 22,32 9,25 12,28 18,21 22,24 10,18 0,33 6,7 0,28 19,25 19,22 13,26 8,30 12,31 4,11 1,24 25,33 1,32 14,25 4,23 18,27 1,3 20,34 26,27 0,12 18,30 2,12 26,28 18,26 26,31 23,30 0,4 27,32 14,26 11,15 5,22 5,24 4,14 1,23 3,25 28,35 12,20
36 276
21,32 11,15 15,34 23,33 5,21 18,29 22,32 16,30 2,14 0,4 16,25 19,28 19,31 13,35 23,24 18,28 14,34 0,11 19,25 23,27 20,24 18,32 8,19 2,17 3,20 15,27 21,34 7,19 21,27 13,27 6,15 16,26 4,18 14,28 2,21 12,21 20,26 16,31 7,15 7,20 13,29 4,16 19,30 22,31 1,29 5,13 3,17 14,32 17,32 5,18 10,23 21,33 17,30 19,27 23,26 17,31 16,27 12,18 15,32 15,35 21,26 6,23 20,35 0,2 14,27 10,13 1,35 19,34 11,16 23,34 13,32 3,16 1,33 22,35 3,18 12,15 8,22 22,34 0,5 23,35 22,33 4,14 1,28 4,20 11,17 5,14 21,30 13,24 1,30 18,25 13,34 20,31 9,21 9,16 9,23 16,32 2,16 22,28 6,13 23,32 15,33 20,33 17,29 2,23 8,14 18,26 3,21 2,13 11,22 7,14 0,12 15,30 10,18 9,17 11,13 9,13 1,24 8,17 14,33 0,10 6,21 6,17 13,25 17,28 12,20 22,26 10,20 18,35 5,16 20,30 2,22 1,31 20,27 13,33 12,14 15,28 15,26 6,18 20,32 5,15 21,29 1,27 12,16 17,26 9,15 16,28 9,20 6,14 10,17 14,26 1,34 11,21 7,22 21,25 16,24 23,31 23,25 8,18 3,14 12,22 15,25 10,14 15,29 20,34 4,13 1,32 8,15 11,14 22,29 20,29 2,15 6,22 9,19 21,31 9,18 2,18 18,24 12,17 9,22 13,30 16,29 11,20 8,13 6,20 5,23 19,32 5,22 12,13 11,18 17,27 4,15 20,28 17,35 7,17 20,25 10,19 23,29 17,33 17,25 8,23 0,9 4,21 1,25 14,35 14,30 7,16 15,31 4,19 19,33 2,20 9,14 8,16 12,19 8,21 3,15 13,26 0,7 17,34 16,34 0,8 7,13 21,35 3,23 16,33 0,6 10,22 17,24 19,26 23,30 18,34 15,24 5,19 23,28 19,35 10,15 3,13 11,19 7,18 13,28 5,17 18,31 4,22 21,24 18,30 6,16 8,20 13,31 3,19 10,21 18,33 16,35 14,29 14,24 7,23 3,22 22,27 22,30 4,17 1,26 11,23 6,19 14,31 14,25 19,29 5,20 0,3 19,24 2,19 18,27 4,23 12,23 7,21 22,25 10,16 22,24 21,28
31 200
19,22 17,21 14,22 12,30 16,28 3,15 19,24 10,19 17,29 0,6 1,28 13,29 17,25 5,18 1,24 2,17 0,10 10,18 12,29 11,25 18,21 8,11 8,15 15,28 4,15 0,4 7,19 11,26 16,23 9,11 0,8 8,14 17,24 11,24 8,16 12,25 19,30 2,12 3,18 15,24 13,26 12,20 1,30 4,14 5,11 14,30 14,24 19,23 12,28 5,14 7,16 3,12 6,19 11,27 13,22 3,17 13,23 12,23 9,15 15,22 11,28 5,17 16,21 11,29 6,16 8,13 5,19 2,16 3,19 15,25 3,14 12,22 10,17 15,21 17,30 16,22 4,19 12,26 9,17 6,17 10,11 7,13 9,18 15,20 17,28 7,11 1,23 19,20 4,13 1,25 0,3 2,18 13,24 6,14 1,27 9,13 7,17 16,24 13,21 2,15 18,28 7,14 17,20 11,21 16,27 14,20 1,22 7,12 14,29 9,19 6,12 0,7 14,27 3,13 18,24 5,12 16,26 18,23 15,26 18,29 0,2 17,27 14,23 8,17 2,19 11,23 10,15 16,20 2,11 8,19 13,25 5,16 19,28 0,9 16,25 17,26 13,28 0,5 1,20 4,17 19,29 13,20 3,16 18,27 10,16 9,12 1,26 18,20 12,24 9,14 18,22 4,11 11,20 11,22 10,13 6,11 6,18 17,23 19,26 1,21 18,26 19,21 8,12 6,13 4,18 10,14 11,30 5,13 2,13 14,21 14,28 19,25 7,18 14,25 16,29 13,27 15,29 15,27 14,26 4,16 16,30 5,15 19,27 10,12 18,30 6,15 13,30 8,18 17,22 7,15 3,11 9,16 2,14 18,25 1,29 4,12 12,27 15,23 15,30 12,21
20 84
11,16 8,13 1,15 0,5 12,18 0,3 5,7 12,16 5,9 2,9 11,17 12,14 1,16 7,16 5,11 10,16 3,8 6,8 9,18 10,13 2,12 9,16 8,14 7,15 1,17 8,16 2,8 3,11 2,11 4,8 7,14 2,7 9,14 6,10 1,19 6,12 9,15 4,12 8,17 10,18 12,19 4,9 4,7 6,11 9,19 10,19 10,17 7,17 3,10 8,19 5,10 0,6 11,18 9,13 4,10 11,14 7,18 0,4 11,13 12,17 1,14 11,15 6,7 12,15 1,13 5,12 4,11 1,18 11,19 10,14 8,18 12,13 3,7 2,10 0,2 7,19 8,15 5,8 9,17 7,13 10,15 6,9 3,9 3,12
36 630
12,16 32,35 0,10 4,29 29,34 15,21 6,30 4,35 0,27 8,22 10,29 1,7 27,31 13,27 9,28 12,32 21,33 13,16 5,25 12,20 10,35 2,18 6,20 1,30 8,28 0,13 17,35 4,7 31,32 2,21 21,31 0,29 21,30 24,25 8,11 19,29 16,20 18,20 17,18 28,31 3,8 0,24 11,22 24,27 22,29 2,27 8,15 20,29 12,31 10,27 6,10 14,15 8,12 19,24 5,11 13,32 2,14 15,35 6,12 3,4 0,32 15,27 10,34 14,35 25,35 23,31 9,16 31,33 12,33 30,34 10,28 7,29 19,35 21,34 19,34 0,35 16,18 4,19 24,33 2,9 3,23 6,7 13,33 2,16 14,34 32,33 17,25 9,29 13,23 5,15 5,9 6,15 20,30 14,23 8,27 7,10 5,12 2,22 2,20 14,24 1,33 6,8 24,34 2,15 6,11 1,17 13,30 13,26 12,30 15,29 7,33 5,20 11,18 7,23 2,10 6,25 10,20 33,34 1,26 9,30 14,20 16,28 13,17 1,27 4,25 19,33 6,13 8,31 4,12 14,16 13,25 8,9 17,28 3,26 0,30 5,19 6,17 0,16 13,35 1,28 10,17 8,20 0,18 5,33 2,5 7,20 7,19 26,32 29,31 26,34 29,35 16,17 2,7 7,31 2,13 23,32 4,31 19,31 4,9 9,24 28,33 4,13 0,8 0,22 3,9 16,33 8,16 4,22 7,22 19,27 13,19 24,35 26,30 1,34 10,22 28,29 26,27 18,34 12,35 1,32 6,35 29,30 21,35 5,22 3,28 2,11 17,22 14,26 21,25 16,29 12,15 5,13 17,33 21,23 1,35 10,25 24,28 23,30 8,30 7,26 18,24 18,29 10,18 14,30 10,19 0,12 22,27 24,29 20,32 25,26 4,17 22,31 12,18 10,21 4,8 9,22 27,29 28,35 5,29 19,25 6,19 11,35 20,31 3,24 25,33 22,24 6,22 27,30 14,27 9,25 21,28 9,34 9,14 2,26 6,33 11,31 4,18 7,21 6,34 0,31 2,24 6,14 13,34 17,34 12,26 7,27 28,32 6,23 7,15 20,21 8,32 20,22 17,29 21,24 15,31 7,25 1,3 22,35 8,26 10,26 23,27 16,23 2,33 0,34 13,24 11,13 4,14 14,18 17,21 21,26 26,33 27,33 10,33 8,33 13,21 20,25 20,26 11,28 0,28 9,27 8,10 25,32 2,8 14,32 14,29 22,23 12,17 10,23 22,25 4,26 15,22 17,26 30,31 7,32 11,32 24,32 16,21 9,18 20,33 32,34 15,26 1,13 2,25 13,14 24,30 2,28 1,5 18,19 11,23 2,4 11,17 8,24 5,31 4,10 11,27 2,23 9,23 20,28 16,19 10,12 16,22 26,35 5,27 4,32 4,16 2,30 3,15 19,28 2,6 29,33 9,12 23,34 16,25 1,8 0,2 26,31 1,22 13,15 16,26 15,16 9,33 21,29 7,30 22,34 1,4 24,26 9,35 0,21 8,29 11,19 13,29 5,28 25,30 0,25 15,32 3,32 25,27 1,11 12,22 3,33 0,11 7,28 31,35 28,30 6,18 4,5 4,11 6,32 13,18 8,21 9,11 23,28 14,17 7,14 9,32 3,31 12,13 1,29 4,34 25,29 17,20 8,14 18,21 25,31 3,21 14,19 18,27 7,18 19,20 3,18 6,16 26,29 1,20 5,16 7,9 7,8 15,19 22,32 3,35 7,16 14,28 15,23 12,28 0,1 1,18 0,26 12,21 3,5 3,27 1,21 11,21 2,3 1,6 11,24 5,32 20,34 7,24 7,12 9,31 20,35 23,26 6,31 12,24 1,25 5,6 16,27 5,26 0,3 16,35 6,27 23,33 33,35 1,31 29,32 16,32 5,35 18,22 6,9 12,34 4,6 2,29 12,27 11,34 5,10 2,31 14,21 3,29 8,19 2,17 11,16 10,13 2,19 6,26 0,23 27,28 16,31 10,24 1,24 5,30 34,35 15,24 13,22 9,21 15,34 4,20 24,31 8,25 0,5 1,19 19,32 12,14 22,33 13,28 13,20 9,13 5,8 15,18 4,30 3,20 10,31 27,32 18,31 2,35 11,20 19,23 17,24 19,26 17,19 3,11 9,26 9,20 1,9 4,28 8,23 15,17 7,34 3,7 22,28 14,33 8,34 26,28 3,12 25,34 8,13 0,4 16,24 11,12 2,12 14,31 22,30 0,14 10,14 15,25 18,25 18,35 2,32 11,33 21,32 15,33 3,10 17,32 3,14 3,17 1,23 10,16 1,2 6,28 5,7 27,35 18,32 21,27 6,24 5,23 28,34 10,30 4,15 4,21 3,22 18,30 10,32 4,27 17,27 14,25 0,20 15,20 7,13 20,27 11,14 1,12 1,14 10,11 1,15 30,32 3,34 0,33 5,21 9,10 18,33 8,35 3,13 11,15 17,30 12,19 19,21 17,23 12,29 8,17 15,28 0,6 20,24 12,23 5,24 4,33 11,29 15,30 18,28 10,15 7,17 1,16 3,6 9,17 19,22 31,34 23,25 8,18 20,23 9,19 7,11 13,31 9,15 11,30 11,26 3,25 21,22 7,35 11,25 14,22 0,9 0,19 12,25 19,30 23,29 5,14 0,17 3,16 6,21 0,15 3,30 22,26 30,33 18,26 16,34 0,7 16,30 1,10 30,35 6,29 2,34 5,18 3,19 27,34 5,34 23,35 18,23 4,23 4,24 25,28 5,17 23,24 17,31
27 153
3,13 3,17 13,25 10,21 9,11 7,11 15,25 17,21 9,12 0,2 14,25 17,23 6,17 5,17 14,26 6,16 12,26 10,26 13,20 3,16 15,23 10,20 1,21 11,22 5,14 3,14 4,11 8,15 0,9 12,19 9,13 4,14 0,5 7,13 5,10 9,17 10,18 3,12 1,23 8,17 13,21 16,26 14,18 15,21 16,18 4,13 9,10 0,7 7,10 11,18 5,11 5,12 10,22 3,10 16,23 2,10 1,22 5,15 3,11 15,22 11,20 7,17 12,23 11,19 8,11 12,25 3,15 13,23 11,24 15,24 17,25 17,24 1,26 17,18 15,20 1,18 0,8 14,20 16,19 4,12 13,22 11,21 0,4 10,24 0,6 2,17 6,14 2,16 9,15 11,26 12,21 12,22 17,26 6,12 4,17 7,16 2,13 13,26 14,22 5,13 16,24 14,24 8,13 6,13 4,16 16,20 9,16 2,11 7,15 1,20 7,12 8,12 6,11 12,20 8,16 2,15 14,19 16,22 2,12 10,23 15,26 10,19 15,19 4,15 15,18 2,14 12,18 13,18 12,24 1,19 0,3 11,25 8,10 17,22 13,19 8,14 1,25 14,23 17,20 14,21 9,14 10,25 7,14 6,10 17,19 5,16 1,24 16,25 11,23 13,24 4,10 6,15 16,21
26 51
13,15 10,14 8,10 18,22 10,13 3,6 4,7 1,22 21,24 17,18 9,10 18,23 2,5 5,8 13,17 1,23 0,3 20,22 6,7 4,9 18,21 5,7 19,21 12,17 6,9 19,22 22,24 15,18 16,20 14,17 22,25 14,15 2,4 8,11 12,15 23,25 17,19 3,4 21,25 20,23 17,20 20,21 15,19 23,24 15,20 19,23 11,14 9,11 7,11 16,19 16,18
20 31
14,17 15,17 12,15 17,18 10,12 1,16 5,6 12,13 14,16 7,10 4,6 16,18 11,14 0,3 7,9 3,5 9,12 17,19 7,8 8,12 4,7 13,16 8,11 6,8 5,7 1,17 9,11 3,4 0,2 6,10 16,19
21 93
16,20 19,20 3,9 9,15 2,10 1,18 8,12 0,17 8,11 2,3 14,20 7,9 13,18 7,11 2,9 9,11 1,17 2,13 3,10 0,13 9,18 2,20 3,14 17,20 4,18 2,6 13,19 16,18 3,7 8,18 1,6 5,9 2,15 10,15 2,19 0,1 1,19 6,11 4,12 8,19 5,16 12,20 0,7 6,20 6,13 2,11 10,18 6,19 1,13 9,10 18,20 4,6 4,11 3,13 9,17 14,17 2,5 0,2 5,17 0,15 5,6 8,17 7,18 3,11 15,17 13,14 1,3 3,15 7,19 3,17 3,4 1,11 3,19 6,7 7,8 8,15 8,16 11,12 6,17 12,14 1,4 10,16 4,20 6,9 9,14 4,5 6,18 7,12 11,13 11,18 1,2 1,7 1,5
23 92
7,17 12,20 9,16 0,6 7,18 2,3 7,22 7,16 11,13 8,22 10,13 10,22 9,19 9,21 5,19 11,14 6,17 9,22 11,21 12,18 0,2 11,18 7,15 1,7 5,18 6,16 5,17 12,22 6,20 12,21 9,14 6,19 10,21 0,10 5,21 5,14 1,4 12,16 12,15 5,16 0,8 10,14 11,19 11,17 10,19 10,18 1,9 9,17 5,20 11,16 6,22 10,15 5,13 6,21 8,20 8,18 10,20 3,4 12,19 8,15 7,19 1,5 7,14 5,15 8,19 7,20 6,15 9,15 11,22 6,13 7,13 9,20 9,18 10,17 8,16 8,17 6,18 11,20 7,21 8,21 5,22 0,12 9,13 1,11 12,17 10,16 8,14 12,14 8,13 6,14 12,13 11,15
16 92
11,15 9,13 10,15 11,12 3,10 11,13 8,13 11,14 7,11 3,5 8,10 0,1 2,7 13,15 8,11 4,15 5,9 3,7 10,13 2,12 5,15 3,12 7,15 2,9 6,15 5,6 5,13 5,10 2,6 8,9 3,15 4,9 2,13 2,3 7,14 10,11 7,10 2,5 5,8 6,9 2,15 10,12 6,7 12,13 3,9 4,11 4,14 8,12 7,12 4,7 14,15 8,15 13,14 4,6 7,8 4,10 10,14 6,8 6,11 5,12 2,8 2,11 6,12 3,11 6,10 9,15 12,14 8,14 3,8 9,14 4,8 5,7 9,12 3,13 9,10 3,4 7,13 6,14 6,13 4,5 3,14 7,9 2,14 4,12 4,13 5,14 3,6 2,10 12,15 5,11 9,11 2,4
13 12
3,8 2,6 1,10 2,12 0,9 1,5 1,3 2,3 0,2 3,7 2,11 0,4
33 231
16,27 20,26 21,31 13,26 4,18 15,29 20,23 7,18 11,18 7,14 6,15 12,31 6,14 0,8 19,31 3,21 16,24 15,26 14,28 2,19 12,25 3,12 13,31 19,23 2,16 12,28 7,20 15,31 15,25 19,22 5,16 1,31 2,21 5,14 17,24 21,28 14,27 17,26 6,20 7,12 4,15 0,6 6,19 18,32 10,19 16,32 9,16 1,27 16,28 7,15 12,30 14,31 21,32 15,30 17,30 16,31 6,13 7,19 19,29 8,16 3,17 1,25 21,30 1,23 18,23 5,21 13,29 14,25 9,20 20,22 18,31 3,16 2,18 0,5 5,18 1,26 3,18 0,3 18,28 13,24 17,27 1,32 5,12 17,32 8,14 8,18 12,27 19,32 11,19 5,17 7,21 12,22 10,15 4,16 11,14 5,20 18,24 11,17 21,29 8,17 11,21 6,21 2,12 17,25 13,30 3,13 0,9 10,13 21,27 12,32 18,25 9,15 14,26 5,19 1,22 11,13 5,13 19,30 4,17 0,4 0,11 3,14 2,20 0,2 3,20 17,28 13,28 18,27 20,24 7,17 19,25 10,17 14,30 14,22 6,16 20,28 8,13 17,22 2,13 18,26 15,23 16,26 16,29 6,18 2,17 9,19 1,30 15,22 13,27 4,12 15,24 12,23 20,32 20,30 4,13 1,29 0,10 14,24 10,21 21,26 8,12 8,20 0,7 16,22 21,23 19,27 16,30 4,21 14,23 20,25 10,18 8,19 16,23 11,20 14,29 19,28 11,12 5,15 9,13 9,18 12,26 19,26 8,15 16,25 12,29 10,20 13,22 3,15 11,15 20,31 18,30 13,25 7,13 21,22 15,27 6,17 12,24 8,21 14,32 15,28 18,22 11,16 2,14 10,14 13,23 3,19 4,20 15,32 9,14 4,14 21,24 7,16 20,29 10,16 9,21 2,15 21,25 20,27 9,12 18,29 17,31 4,19 19,24 6,12 17,23 1,28 17,29 1,24 13,32 10,12 9,17
8 16
5,7 3,5 3,4 2,7 3,7 4,5 6,7 2,6 4,7 2,3 2,5 3,6 2,4 5,6 0,1 4,6
28 162
5,17 9,10 12,21 8,11 1,27 1,24 14,27 10,22 12,19 11,20 16,27 3,12 4,13 7,10 5,10 10,20 13,26 1,19 3,11 17,27 0,6 1,20 7,14 6,14 17,22 4,15 9,12 8,10 17,21 15,24 13,18 0,7 8,13 3,14 12,25 17,26 2,10 4,10 17,19 4,11 14,18 16,21 9,16 14,24 6,16 0,9 2,16 10,21 1,26 10,18 13,20 1,23 15,27 5,14 11,22 0,3 15,25 13,25 11,18 10,26 15,20 1,21 11,26 8,14 17,20 0,2 6,13 2,11 5,13 9,14 4,14 12,24 1,25 8,15 16,26 9,11 4,17 5,16 13,27 9,15 7,12 13,19 7,11 5,15 7,13 8,17 0,8 15,21 12,27 11,24 6,11 7,15 17,25 12,20 16,23 3,15 7,16 1,18 16,20 12,18 14,26 3,17 13,22 6,17 13,23 17,18 10,19 11,21 15,22 15,18 3,10 11,27 10,23 14,21 5,11 17,23 16,19 2,17 4,12 5,12 14,19 16,22 17,24 0,4 12,23 11,19 10,24 15,19 4,16 2,12 13,24 13,21 16,18 8,16 1,22 14,25 2,14 14,20 11,23 10,27 10,25 6,10 8,12 15,26 16,24 6,12 7,17 2,15 9,17 12,22 0,5 12,26 11,25 15,23 16,25 6,15 14,22 9,13 3,16 3,13 2,13 14,23
35 35
5,6 0,34 29,30 28,29 10,11 25,26 4,5 24,25 0,21 22,23 14,15 19,20 27,28 30,31 26,27 16,17 31,32 2,21 18,19 1,22 13,14 9,10 8,9 3,4 7,8 11,12 32,33 1,20 6,7 17,18 33,34 15,16 2,3 12,13 23,24
21 56
10,11 14,15 6,7 14,20 9,10 2,10 7,10 6,17 2,3 7,8 8,11 2,20 11,12 8,14 8,9 5,14 2,5 16,20 17,18 12,20 11,20 2,7 18,19 12,14 9,14 12,13 2,8 4,5 0,10 10,15 1,19 15,16 13,14 6,14 3,18 4,18 0,2 11,15 0,14 9,13 14,19 3,4 3,9 0,17 5,18 8,18 3,20 0,4 8,12 4,16 16,17 17,19 5,11 15,17 10,14 5,6
29 131
22,26 3,24 12,13 2,8 5,27 13,20 7,8 5,28 16,28 5,9 1,16 8,17 7,18 1,3 16,23 10,25 20,24 14,18 5,20 1,15 6,23 14,15 9,20 15,16 4,18 15,18 8,12 9,17 19,27 14,26 16,17 8,23 6,7 3,20 6,24 9,22 15,26 17,18 1,17 23,26 14,19 16,24 19,23 7,25 3,15 13,14 6,9 6,21 0,23 10,11 8,26 11,25 3,8 12,27 3,22 12,16 18,27 9,10 15,21 6,12 0,3 5,16 16,18 1,2 2,12 8,9 17,26 16,27 24,28 9,28 5,22 4,11 9,16 5,11 11,12 5,8 1,20 1,5 4,22 9,11 17,21 3,4 7,16 1,21 0,28 5,13 1,18 23,28 4,9 9,19 10,27 4,23 8,24 5,15 4,10 14,25 21,26 13,25 7,17 0,8 2,3 0,17 4,27 8,10 0,1 12,20 1,24 10,12 2,7 18,21 0,2 7,28 20,25 9,14 3,11 14,17 3,23 12,14 4,5 9,12 2,11 17,22 2,28 2,24 8,25 14,28 8,15 1,14 5,6 0,5 12,28
23 40
11,13 1,20 4,6 15,18 13,16 18,21 5,9 10,12 14,18 2,5 2,7 19,20 3,7 9,11 6,9 9,10 7,9 0,3 18,20 16,19 15,17 13,15 13,14 10,13 19,21 17,21 16,17 20,22 0,4 21,22 7,8 12,15 0,2 17,20 12,16 1,21 4,7 14,17 15,19 12,14
21 91
10,15 8,18 10,14 6,8 0,4 8,14 13,16 11,15 6,10 11,16 2,8 5,10 10,16 6,13 9,15 1,15 3,13 3,8 6,11 10,18 1,18 7,13 11,17 1,16 0,5 1,19 9,16 4,10 6,9 5,13 9,14 11,14 9,19 13,19 5,8 2,13 3,12 13,15 0,7 2,9 12,20 7,10 0,3 13,20 8,17 10,19 2,12 11,18 11,20 9,20 7,12 2,10 12,17 8,15 8,20 4,9 13,14 6,12 1,14 12,15 12,19 12,14 2,11 11,19 12,16 5,11 4,12 5,12 7,9 8,16 4,8 7,8 12,18 0,2 13,18 3,10 8,19 10,20 9,17 9,18 3,11 4,11 3,9 7,11 5,9 4,13 13,17 10,17 0,6 1,17 1,20
