50
2 1
0,1
3 3
0,1 1,2 0,2
5 5
0,4 0,2 2,4 1,2 1,4
7 9
0,6 0,2 0,4 2,4 3,4 2,3 3,5 4,5 1,5
22 41
14,15 12,14 10,13 4,5 8,10 20,21 10,14 16,18 14,17 2,5 0,4 18,21 8,12 4,7 7,8 17,19 0,3 4,6 16,19 9,10 9,11 13,17 1,20 16,20 13,15 5,8 2,7 6,8 15,20 6,9 7,9 11,13 5,9 9,12 1,18 15,18 17,20 0,2 15,19 17,18 11,14
36 630
7,30 21,32 11,16 9,31 4,15 11,25 19,20 28,31 5,12 2,11 11,19 0,34 3,30 4,7 2,29 11,17 8,32 6,28 12,18 18,23 15,22 6,33 3,18 5,27 14,29 4,33 23,29 11,15 13,16 1,17 21,33 11,14 1,13 12,28 4,10 2,33 33,34 18,32 7,27 14,25 7,23 22,34 15,26 0,5 2,35 31,33 16,32 21,23 10,16 11,22 14,31 20,31 17,35 6,25 13,15 31,34 34,35 7,22 11,12 4,25 1,18 2,12 9,22 9,34 0,22 16,27 6,7 8,34 18,26 22,28 24,35 10,13 9,21 12,23 12,26 5,25 0,19 21,22 19,28 3,21 15,20 1,3 7,29 4,22 5,13 16,35 7,12 25,33 12,21 11,35 7,13 2,30 3,32 1,8 9,27 16,22 8,24 26,28 2,3 21,34 10,15 22,31 10,27 4,35 30,34 5,6 27,35 20,28 2,15 0,7 12,15 20,23 12,30 9,24 28,29 6,20 7,18 19,21 21,24 25,26 5,7 3,23 9,30 21,26 14,35 14,33 4,11 9,28 9,32 5,34 1,35 16,30 11,34 8,28 10,20 7,24 10,24 20,27 15,27 4,31 8,26 16,28 0,4 16,24 11,29 3,22 2,7 22,27 0,17 0,9 10,28 1,7 4,14 10,21 2,20 6,8 21,28 5,19 30,35 4,28 11,28 3,29 23,26 5,30 6,14 25,30 9,25 6,30 13,23 15,16 23,25 28,35 5,11 11,18 16,31 8,10 17,23 11,24 0,1 9,16 12,14 29,32 4,24 14,17 9,10 0,26 12,27 16,23 5,26 26,29 18,21 15,31 0,15 8,9 22,29 32,34 23,27 29,34 5,15 4,26 8,11 25,35 12,22 12,19 23,35 1,30 13,21 16,34 19,30 10,33 0,31 21,35 7,17 32,35 2,26 1,15 17,27 2,31 3,27 5,21 12,31 12,35 8,20 6,18 5,33 14,16 7,35 9,14 17,22 31,35 4,5 2,4 1,4 15,30 3,35 6,9 3,9 6,24 5,17 6,11 8,14 2,6 7,28 13,34 0,28 13,20 27,28 26,31 7,15 16,25 3,8 3,24 3,4 13,17 0,8 9,33 0,13 6,17 5,14 15,29 28,34 19,35 2,8 3,6 0,32 21,27 13,29 14,15 12,29 0,35 17,25 13,22 12,20 0,6 3,25 2,34 1,23 28,32 24,28 23,30 5,16 5,8 27,34 0,33 2,32 23,28 16,21 1,11 16,33 0,29 0,23 3,10 17,29 19,26 13,19 26,33 19,23 18,34 3,16 14,19 18,25 4,21 4,12 7,33 1,16 2,28 6,27 1,22 4,8 1,20 23,31 0,27 11,33 10,23 15,18 29,31 6,22 13,28 23,33 21,30 14,28 2,19 16,17 10,14 27,29 22,26 0,18 7,20 13,32 17,19 14,22 5,22 1,32 8,18 20,35 8,19 17,32 0,25 23,24 10,35 1,34 6,15 4,17 20,24 22,32 2,13 15,19 0,24 11,26 26,35 7,26 7,25 4,16 14,34 5,32 24,33 1,26 2,17 27,30 10,29 8,12 1,12 6,34 8,23 1,2 6,31 17,26 17,33 9,11 25,32 5,20 14,26 17,18 8,25 0,3 22,24 6,26 2,24 4,23 3,14 4,13 3,5 19,31 18,28 5,18 27,31 19,29 18,22 1,33 3,12 25,28 14,20 9,18 30,32 27,33 12,32 18,31 26,27 12,17 6,19 4,29 0,21 4,27 5,28 26,32 24,32 15,35 20,32 9,26 10,19 9,15 10,25 19,27 15,17 13,31 18,30 22,25 19,22 14,24 6,16 8,29 6,10 5,29 0,11 4,18 3,31 14,27 14,23 24,25 0,20 3,26 0,16 24,31 21,31 7,16 24,34 8,21 3,15 9,19 4,34 18,27 4,32 1,9 7,9 6,29 17,31 23,34 11,23 10,32 10,31 14,32 8,17 8,33 11,27 13,25 11,30 13,18 19,32 33,35 18,24 3,11 13,33 3,28 15,28 3,7 5,31 29,35 29,33 18,35 15,25 6,23 9,20 1,31 14,21 3,20 15,33 6,35 22,33 14,30 1,29 5,23 0,14 17,28 8,35 1,10 10,26 18,20 1,21 22,35 19,24 2,18 19,33 18,29 2,23 6,21 9,13 29,30 8,16 12,34 8,31 17,24 24,29 20,22 21,29 2,25 11,20 8,13 7,32 1,6 4,19 6,12 17,34 26,30 1,5 7,11 0,10 11,32 20,21 4,9 20,34 22,30 11,31 10,18 7,8 12,33 14,18 27,32 7,14 16,20 5,9 17,20 8,22 25,31 7,19 12,24 26,34 19,25 10,30 5,24 10,11 2,27 7,31 4,6 2,16 15,32 24,26 1,28 32,33 13,30 15,21 18,19 3,13 19,34 21,25 20,26 5,10 2,22 10,34 17,30 28,30 1,14 20,30 23,32 8,15 3,33 2,5 6,32 10,17 2,14 9,17 8,30 0,12 12,13 30,33 16,26 9,12 2,21 7,34 30,31 9,35 15,23 13,24 13,35 13,26 1,27 11,13 18,33 3,34 1,19 28,33 4,20 8,27 25,29 1,25 24,27 9,29 25,34 0,2 16,19 1,24 6,13 7,21 17,21 0,30 20,25 9,23 15,24 16,29 13,14 10,12 2,9 11,21 12,25 12,16 25,27 5,35 20,33 16,18 31,32 7,10 3,17 3,19 4,30 15,34 24,30 2,10 20,29 10,22 13,27 22,23
22 36
6,7 5,9 7,11 15,16 7,10 20,21 2,5 1,19 13,14 3,6 0,2 4,5 10,12 16,18 0,3 14,16 16,19 13,15 6,8 19,21 1,20 9,11 4,6 3,5 17,18 16,20 6,9 18,21 1,18 17,20 0,4 8,11 5,8 9,10 11,13 15,17
27 134
12,21 11,23 14,20 1,9 6,16 7,24 9,25 11,17 7,22 14,16 9,21 9,16 11,15 7,20 13,16 13,22 8,26 5,19 5,23 5,25 8,17 0,6 14,21 9,20 13,19 10,24 5,15 7,25 6,17 6,18 7,19 8,20 10,20 5,20 11,26 1,4 10,26 7,15 12,24 8,23 14,17 8,22 8,24 1,13 13,18 9,17 5,21 9,26 7,16 10,16 5,18 11,16 0,10 7,17 12,23 1,11 12,18 5,26 7,21 1,5 14,18 0,2 11,24 0,14 9,18 9,24 7,18 13,26 14,25 13,20 6,26 11,20 3,4 6,25 14,26 6,24 10,17 9,23 7,23 6,15 5,22 8,16 11,22 13,23 10,18 11,25 14,24 8,18 13,21 14,23 10,15 12,20 8,25 10,19 12,22 10,23 12,15 14,15 14,22 2,3 9,15 12,19 7,26 5,16 6,22 6,21 8,15 9,22 12,26 12,17 13,15 10,25 12,16 13,25 12,25 11,19 11,18 0,12 9,19 8,19 1,7 11,21 8,21 6,20 0,8 10,22 10,21 13,17 14,19 5,17 13,24 6,19 5,24 6,23
29 158
5,23 2,3 6,27 9,23 13,21 12,17 5,18 12,24 7,21 8,24 0,14 8,26 6,26 15,26 15,21 6,28 7,23 11,22 9,26 5,21 14,22 5,24 5,22 5,20 12,19 6,25 1,15 9,19 14,18 0,10 9,17 14,23 14,20 11,21 13,18 10,17 11,27 10,18 9,16 11,18 7,24 15,19 0,2 1,7 12,22 12,18 10,20 6,17 6,24 7,22 14,26 1,9 13,28 8,19 10,16 10,28 13,25 6,16 10,25 14,28 10,24 15,18 1,11 7,18 12,25 14,17 1,5 10,19 11,23 10,21 6,20 15,16 8,28 8,18 15,17 8,23 12,26 9,22 11,25 0,12 8,20 15,27 13,22 10,23 5,27 7,26 14,16 14,21 14,27 13,24 11,16 9,28 9,24 11,28 6,23 9,27 8,17 6,19 13,27 5,26 11,19 6,22 12,23 14,19 7,27 12,21 11,24 5,16 13,19 1,4 6,18 7,25 13,23 9,25 13,20 15,23 14,24 0,8 11,20 8,16 8,22 11,26 8,25 5,17 8,27 9,21 9,20 13,16 3,4 5,28 8,21 10,27 15,25 7,17 12,27 7,16 5,19 10,22 15,22 7,20 11,17 5,25 12,28 13,17 12,16 15,24 6,21 1,13 0,6 15,28 9,18 13,26 14,25 15,20 7,19 12,20 10,26 7,28
32 220
1,31 14,29 12,22 11,25 20,29 11,27 4,14 10,20 1,21 5,13 6,12 0,9 9,16 9,11 16,25 0,8 14,28 2,17 14,21 0,4 11,31 14,23 9,19 1,26 5,12 15,21 18,27 19,27 16,22 10,17 14,31 10,16 11,21 5,19 3,14 12,30 10,14 2,12 4,13 13,25 13,26 0,10 4,16 7,18 9,14 14,22 15,30 19,31 16,24 2,13 4,17 11,26 3,11 8,20 14,27 7,14 8,14 2,20 10,19 14,26 17,27 9,12 17,30 2,14 15,23 3,13 0,6 7,20 15,24 11,23 6,15 18,26 9,17 3,12 20,27 5,18 5,17 17,26 20,28 18,23 0,2 19,28 7,17 11,22 12,29 19,24 1,30 20,30 18,25 3,15 19,22 20,31 18,21 18,29 7,19 11,29 1,24 20,23 12,25 11,24 7,12 15,29 8,15 9,18 18,22 7,13 1,23 8,16 11,30 4,11 3,18 6,20 10,11 1,22 15,22 8,19 3,19 5,15 17,21 18,30 7,15 19,29 16,23 5,20 4,19 15,31 13,30 20,26 14,24 16,26 19,23 16,28 8,18 4,18 17,25 6,16 3,20 1,29 12,23 7,16 6,17 1,25 13,24 16,21 12,24 13,21 4,20 12,27 9,15 5,11 10,12 1,27 2,19 18,28 8,17 0,5 15,27 7,11 2,15 20,22 9,13 13,27 8,11 12,26 18,31 0,7 20,25 19,25 6,18 17,31 3,17 2,11 2,16 19,21 6,19 8,12 13,28 20,21 12,31 8,13 16,27 17,28 4,12 19,30 13,31 20,24 17,23 14,25 13,23 6,14 17,22 5,16 15,25 3,16 15,28 9,20 14,30 17,29 1,28 19,26 0,3 5,14 10,13 10,15 12,21 18,24 13,22 4,15 15,26 10,18 16,30 13,29 12,28 2,18 6,13 6,11 16,31 17,24 11,28 16,29
20 154
2,19 5,19 17,18 10,11 5,12 7,15 12,15 5,15 5,7 13,17 11,15 3,17 7,11 8,16 2,10 6,8 4,16 8,12 3,12 3,16 16,18 4,6 7,16 10,14 6,7 12,17 4,5 5,13 12,18 16,19 10,19 2,15 4,15 8,10 18,19 9,19 12,16 4,9 4,19 5,9 2,12 9,17 2,9 3,13 11,12 14,16 3,7 6,18 8,15 4,7 12,19 15,19 12,14 13,19 11,18 6,17 2,14 2,3 4,10 11,13 6,19 4,8 2,7 7,8 10,17 15,17 2,4 8,19 17,19 5,18 9,14 11,16 10,18 13,16 5,14 6,9 3,18 10,15 11,19 4,13 2,17 14,15 14,19 3,14 14,18 8,13 9,12 11,17 6,11 2,13 14,17 5,8 2,18 12,13 8,18 5,17 13,18 15,16 3,19 2,16 3,5 3,9 9,18 7,12 3,8 7,18 6,15 6,10 9,16 4,11 7,19 2,8 8,11 6,14 9,15 3,4 7,13 3,10 9,10 3,6 0,1 10,16 4,14 9,11 2,6 2,5 7,9 9,13 7,14 6,12 8,9 6,16 8,17 13,14 4,18 5,10 7,10 15,18 5,16 8,14 3,11 11,14 5,11 4,17 3,15 16,17 10,12 6,13 7,17 13,15 4,12 2,11 5,6 10,13
25 128
3,11 13,23 9,21 12,20 11,18 0,3 1,17 3,9 2,13 11,20 1,19 6,15 8,12 13,22 9,20 1,20 15,16 1,24 10,22 2,10 15,23 11,17 10,18 11,16 2,11 12,24 4,10 7,9 15,24 0,6 13,19 5,12 13,16 12,23 8,10 11,21 0,5 3,13 6,9 11,23 0,2 5,11 6,13 5,10 14,21 7,11 0,7 11,19 12,22 14,18 15,18 9,17 1,18 1,21 13,20 1,23 7,14 5,14 10,24 3,10 9,23 14,24 4,13 4,15 14,23 4,12 15,19 9,19 15,20 6,14 9,22 7,12 14,22 14,17 2,15 5,9 10,23 2,9 4,11 12,19 5,15 14,16 13,24 15,22 9,18 1,22 3,15 4,14 10,20 12,16 7,10 14,19 6,11 3,14 13,18 9,24 2,14 12,21 3,12 4,9 6,12 8,15 15,17 0,4 5,13 1,16 8,14 10,17 12,18 13,17 8,13 10,21 6,10 9,16 8,9 12,17 13,21 11,24 0,8 10,16 8,11 10,19 15,21 2,12 11,22 7,13 7,15 14,20
28 126
18,25 17,22 1,27 8,17 3,25 7,16 9,20 20,26 2,13 5,21 4,27 3,26 3,4 21,27 7,13 3,15 3,7 15,24 9,17 11,17 6,21 4,25 13,24 16,17 12,21 4,22 24,26 1,12 25,27 0,8 13,16 5,25 12,24 7,14 10,22 5,22 1,24 10,14 13,22 10,11 6,13 8,23 2,3 2,8 8,24 5,15 21,22 20,25 5,17 5,23 16,19 1,8 13,20 6,7 0,26 15,20 2,16 5,9 4,17 21,24 2,11 6,18 6,20 12,26 7,8 21,23 6,12 4,10 9,10 9,23 17,24 7,25 12,20 19,27 5,6 15,16 0,19 6,11 10,21 10,16 0,9 3,12 11,21 1,22 11,12 0,14 4,9 13,27 13,25 1,26 4,23 7,24 16,23 0,2 20,23 4,5 13,21 14,18 4,12 17,25 6,17 12,17 1,16 20,27 22,23 11,18 3,6 2,27 1,6 3,23 5,16 0,7 4,21 5,12 3,17 0,13 1,19 23,27 6,22 15,25 12,13 8,11 8,9 9,24 5,20 2,24
21 74
7,17 10,17 7,20 9,15 11,17 9,12 9,17 10,14 6,18 2,3 6,20 5,16 6,14 1,5 6,17 11,19 8,14 6,13 10,20 11,12 5,14 5,20 5,17 8,19 9,13 0,10 7,13 7,19 7,14 11,18 5,13 11,13 1,4 11,14 8,20 0,2 10,19 10,18 6,15 3,4 11,15 1,11 6,19 6,16 11,20 9,19 7,16 10,15 8,16 7,18 8,13 1,7 5,19 1,9 9,16 5,12 8,18 8,15 6,12 9,14 8,17 7,15 0,6 10,13 0,8 10,12 9,20 9,18 7,12 11,16 8,12 5,15 10,16 5,18
36 35
8,9 12,27 8,23 2,3 14,33 1,16 12,13 10,25 11,12 0,2 3,4 0,32 13,28 0,15 7,22 10,11 4,5 4,31 5,6 13,14 1,14 1,34 9,24 3,18 14,29 11,26 4,19 5,20 7,8 1,35 6,7 5,30 6,21 9,10 2,17
13 13
0,12 3,4 8,9 1,5 4,5 7,8 10,11 9,10 0,6 11,12 1,7 2,3 2,6
33 66
15,17 12,22 4,14 13,23 5,7 11,18 15,22 10,16 10,11 0,30 0,2 23,28 6,7 6,8 6,26 19,30 17,20 22,24 5,27 6,27 2,3 5,20 5,6 3,14 15,31 0,3 23,31 2,32 21,32 18,28 1,14 4,5 3,23 7,22 11,31 17,28 13,14 5,14 20,24 3,4 29,32 11,17 8,9 7,8 15,26 21,26 18,25 11,12 9,17 0,10 3,12 14,17 12,13 6,20 18,21 9,18 4,13 22,31 0,25 27,28 3,11 9,10 17,24 1,13 7,29 20,23
32 55
25,27 20,22 21,24 10,14 7,9 22,25 19,21 25,26 3,5 4,7 23,25 21,25 13,17 11,14 12,13 1,29 18,20 3,4 10,13 19,23 16,20 19,22 5,6 27,29 26,29 12,15 8,12 2,5 28,30 17,20 14,17 17,19 15,18 29,31 13,18 15,17 20,23 20,21 0,3 7,8 28,31 15,16 5,7 16,19 26,28 29,30 4,6 8,10 0,2 9,12 18,19 10,15 9,10 6,8 12,14
25 45
0,3 14,15 8,12 16,18 21,24 3,6 22,24 4,6 5,9 1,21 3,5 2,6 6,9 19,22 17,21 16,19 0,4 18,22 11,14 20,23 20,24 11,13 14,16 22,23 9,11 9,10 6,8 5,7 7,12 12,14 1,20 7,10 13,16 1,22 10,14 16,17 6,7 21,23 8,10 15,17 9,12 0,2 8,11 15,19 18,21
3 1
0,1
27 194
17,24 17,22 16,17 16,21 8,23 8,26 21,22 15,20 11,12 5,11 25,26 18,26 3,18 2,18 8,24 20,22 18,22 3,13 13,16 4,5 8,11 2,14 4,18 11,18 8,10 4,17 8,14 15,18 11,13 9,14 10,18 8,15 15,17 9,22 9,16 12,15 0,20 4,16 8,12 19,26 0,13 15,16 0,8 9,20 8,16 7,24 2,3 3,5 8,9 11,21 2,12 6,24 2,24 0,26 2,23 0,19 14,16 19,21 5,16 19,23 3,11 18,25 3,24 3,14 3,9 2,10 22,26 21,24 3,4 13,20 17,25 5,19 7,20 5,9 0,10 5,10 6,13 10,22 1,22 11,26 4,14 9,19 1,15 2,26 23,24 20,21 10,26 1,25 7,21 19,25 12,21 0,2 21,26 2,4 1,12 2,8 1,20 7,8 16,18 9,17 9,26 11,16 13,26 6,26 1,23 10,14 20,25 12,14 4,25 9,15 0,15 15,25 9,11 2,5 5,22 9,23 3,7 12,22 5,26 9,10 10,21 16,23 1,14 10,12 17,19 5,25 1,21 7,23 0,5 20,26 15,23 22,24 10,25 2,13 6,22 4,24 11,15 2,7 14,23 1,13 5,6 6,25 11,20 10,11 15,26 5,18 10,20 4,12 7,13 4,13 9,25 7,11 20,24 10,16 6,11 2,17 3,26 6,23 7,18 6,14 9,21 3,8 16,22 2,9 1,7 14,22 5,15 18,21 5,12 15,21 8,20 6,7 3,23 14,21 6,16 12,17 4,11 5,20 4,19 20,23 0,21 2,19 13,15 14,26 1,8 12,25 0,4 3,19 14,25 11,17 8,18 10,15 13,25 17,23
25 79
2,3 2,14 4,18 6,20 16,19 10,12 12,22 18,23 1,20 3,10 2,11 10,11 15,16 0,12 4,10 0,14 16,22 1,24 7,14 9,18 5,17 4,20 3,7 7,19 11,12 4,12 9,10 12,19 13,14 6,7 4,11 12,16 5,6 3,4 10,24 3,15 6,17 2,22 5,15 13,16 10,17 8,22 5,23 17,24 2,21 2,12 1,2 9,19 4,14 1,18 1,21 12,13 14,15 4,8 3,19 15,18 8,9 2,13 7,24 8,10 4,6 17,23 16,17 14,18 7,8 6,9 5,8 0,2 8,18 15,21 20,22 8,15 10,20 10,22 1,10 4,16 17,18 4,5 2,20
21 91
7,13 5,11 13,19 12,16 12,19 11,20 1,15 12,15 10,20 2,9 11,15 4,8 5,12 10,14 1,18 12,14 7,11 13,18 3,8 2,11 6,13 9,19 8,18 9,14 10,15 9,18 2,8 10,17 11,14 2,10 13,16 11,16 8,17 13,17 5,10 0,3 8,20 11,18 9,15 7,12 8,19 6,12 4,9 3,12 6,10 4,11 11,19 11,17 5,9 13,15 1,17 7,9 3,11 6,11 3,13 4,13 2,13 12,20 1,19 8,16 4,12 5,8 5,13 2,12 0,6 12,18 4,10 12,17 0,2 9,20 3,9 9,17 9,16 1,16 0,7 6,8 13,14 8,15 10,16 3,10 0,4 8,14 1,20 6,9 10,19 10,18 7,10 7,8 0,5 1,14 13,20
32 43
13,22 19,25 1,16 17,31 17,24 22,24 19,30 17,18 23,24 9,25 21,30 0,2 24,26 27,31 1,31 10,13 3,4 4,5 24,30 10,30 2,10 5,18 3,15 19,20 18,22 25,29 9,11 6,7 0,10 1,18 4,6 0,6 1,5 8,13 5,6 7,8 1,8 12,18 2,3 0,21 17,21 15,16 17,19
28 174
9,20 9,13 14,20 3,13 4,14 5,13 3,23 15,23 18,20 8,27 5,6 2,3 15,22 6,9 0,2 12,24 19,26 9,17 7,18 8,25 4,26 6,17 7,13 17,21 7,12 1,9 12,21 7,9 14,16 5,15 7,14 16,22 3,18 9,10 0,3 1,18 10,13 11,25 5,19 17,22 14,21 23,25 2,4 8,11 2,27 17,25 13,26 0,19 26,27 12,23 15,19 1,4 5,23 7,27 4,25 21,25 11,26 9,14 7,11 3,7 0,18 15,25 7,15 12,26 10,14 1,23 22,23 11,24 12,19 15,24 5,10 1,21 3,6 0,5 2,26 5,18 10,12 1,11 10,21 4,21 14,15 7,26 7,19 4,8 8,19 11,21 16,20 4,5 13,18 8,13 15,21 8,16 6,25 20,21 1,25 2,11 3,4 5,25 18,21 6,11 11,20 25,27 0,10 0,15 0,20 11,27 9,11 9,21 7,8 8,15 2,21 9,26 10,22 11,22 5,27 24,27 19,27 18,22 16,25 2,19 8,23 0,6 6,26 2,6 3,8 2,12 1,7 0,23 16,18 11,13 17,23 19,24 1,6 1,5 7,22 15,17 20,22 16,17 5,7 10,17 4,6 12,16 14,23 14,25 8,12 5,20 6,8 2,15 6,12 9,12 0,11 5,14 1,26 7,20 4,16 9,16 1,10 10,11 13,27 0,7 15,16 11,23 2,9 0,26 22,24 10,20 4,7 13,22 1,24 19,25 3,19 6,21 2,13 1,16
4 4
1,2 0,3 2,3 0,1
20 84
7,15 9,19 6,7 8,15 4,12 6,12 12,19 5,9 12,17 11,15 12,13 7,19 4,10 10,19 8,17 0,2 2,7 5,12 9,14 2,8 6,10 5,8 10,16 1,13 3,7 9,16 3,12 1,17 8,14 6,8 0,3 10,17 11,14 8,13 11,19 12,16 10,14 11,18 8,16 2,11 11,16 4,8 8,18 4,11 0,5 12,15 9,13 5,10 2,9 12,14 8,19 7,16 3,11 9,17 1,18 3,10 1,16 1,19 7,18 2,12 5,7 6,9 12,18 6,11 11,13 0,4 11,17 3,9 1,14 7,17 2,10 10,13 10,15 4,9 4,7 10,18 7,14 7,13 0,6 1,15 5,11 9,18 9,15 3,8
29 51
16,20 10,12 14,16 4,7 3,5 2,5 20,22 17,20 12,14 0,2 22,24 15,18 13,18 1,27 18,19 11,15 8,10 14,18 21,22 25,26 4,8 0,3 7,10 6,9 15,16 1,26 19,22 7,9 11,14 25,27 9,12 16,19 10,11 19,23 23,25 13,17 3,4 26,28 23,24 5,6 13,16 5,8 17,19 21,23 18,21 18,20 8,9 15,17 12,15 16,21 5,7
29 49
10,13 3,4 17,18 7,10 26,28 13,17 12,15 9,14 26,27 8,11 11,13 14,16 11,14 17,19 21,23 6,8 22,24 1,26 10,14 16,19 8,9 12,16 2,5 18,20 0,2 25,27 4,8 20,23 21,24 2,4 3,5 7,9 16,18 2,6 22,23 24,26 5,8 0,3 20,24 13,16 5,7 10,12 3,6 19,20 19,22 14,17 4,7 23,26 9,13
19 72
10,18 11,15 11,14 3,8 11,16 7,16 4,9 9,12 7,14 8,18 10,15 1,16 9,17 2,7 8,14 5,8 10,16 4,10 1,15 0,5 1,14 3,9 5,11 5,9 0,3 5,7 1,17 6,7 7,18 0,4 9,15 11,18 6,8 10,14 2,11 9,14 6,9 11,13 6,10 0,2 4,8 2,10 11,12 1,12 3,11 7,13 1,18 2,8 9,16 8,16 6,11 8,15 4,11 7,15 4,7 9,18 11,17 3,10 0,6 7,17 5,10 9,13 8,17 10,13 3,7 10,12 7,12 2,9 10,17 8,13 8,12 1,13
21 28
13,15 10,13 4,7 5,8 2,5 9,11 13,14 14,17 11,12 0,4 12,14 6,8 15,16 15,17 0,3 2,6 3,7 8,11 4,5 11,13 1,17 17,20 8,10 10,12 0,2 7,9 12,15 7,8
6 5
0,3 1,4 0,2 2,5 1,2
23 45
1,20 12,14 8,12 11,14 13,16 9,12 4,6 18,19 3,5 7,9 1,21 9,10 0,4 4,5 8,11 20,22 10,14 16,18 15,18 10,13 18,20 17,19 13,15 9,11 6,8 7,8 18,21 14,15 3,6 4,7 2,6 5,9 3,7 17,21 0,3 14,16 6,9 0,2 5,8 8,10 1,19 2,5 12,13 15,17 2,7
31 184
15,27 1,15 5,18 15,18 7,30 13,26 0,16 6,30 15,24 9,23 6,17 12,29 7,20 1,11 10,22 5,24 11,18 11,30 8,28 11,28 7,23 7,24 5,28 15,21 12,30 14,27 14,28 7,19 16,19 9,26 6,23 16,25 10,20 16,18 10,18 15,17 8,27 10,21 10,17 6,18 9,28 6,19 15,22 9,17 11,26 13,17 7,17 14,30 7,25 7,22 5,22 13,30 6,26 8,30 14,21 8,29 16,21 8,19 8,22 12,27 12,26 11,21 13,25 13,20 14,22 11,19 14,26 14,29 1,7 3,4 10,23 6,22 6,24 6,25 1,13 9,18 16,29 15,25 13,21 5,27 5,30 11,22 9,27 16,17 8,26 1,5 11,23 13,24 9,19 8,20 10,27 9,24 8,17 6,29 15,26 7,28 16,20 2,3 5,29 8,21 6,20 16,23 16,30 10,25 12,23 0,12 5,17 15,19 16,28 12,20 9,22 8,24 12,19 10,30 8,25 11,24 15,28 10,28 0,2 14,20 9,20 10,26 0,10 5,21 15,20 5,25 0,6 8,23 16,24 14,18 13,29 6,21 15,23 9,21 13,19 12,22 7,18 13,18 5,20 16,27 11,25 14,23 8,18 12,25 6,28 5,19 10,24 7,29 0,8 12,17 13,22 11,29 1,4 1,9 16,26 9,29 10,19 14,24 12,28 12,21 7,21 12,24 13,27 6,27 0,14 5,23 13,28 14,19 13,23 7,26 15,29 12,18 15,30 11,27 7,27 10,29 5,26 9,30 14,25 14,17 9,25 16,22 11,20 11,17
36 35
19,20 18,19 11,12 28,29 13,14 10,11 1,35 8,9 4,5 22,23 17,18 29,30 33,34 21,22 23,24 32,33 25,26 30,31 16,17 14,15 27,28 26,27 0,2 34,35 2,3 6,7 12,13 7,8 9,10 15,16 20,21 24,25 3,4 31,32 5,6
23 112
5,10 9,20 5,8 11,16 9,22 6,10 9,15 12,18 3,14 9,16 5,13 8,22 10,20 6,8 14,21 12,15 11,19 14,19 9,21 13,17 0,7 2,12 2,8 8,17 5,11 7,11 11,15 8,16 0,4 2,9 12,21 3,10 13,18 6,12 10,21 8,20 1,16 9,17 10,18 14,22 1,19 0,3 3,11 12,22 10,16 3,8 1,17 4,9 3,9 9,19 1,15 13,20 2,13 6,13 5,9 13,19 11,21 4,8 5,12 10,17 8,18 11,20 2,14 1,22 11,22 10,19 1,21 9,18 12,19 14,15 6,9 4,11 11,18 10,22 8,19 0,6 1,18 13,16 8,15 8,21 14,20 0,5 4,10 1,20 0,2 12,20 7,9 12,17 4,13 10,15 11,17 3,12 7,12 13,21 4,12 7,8 7,13 6,14 12,16 14,18 7,14 2,10 3,13 7,10 2,11 4,14 6,11 5,14 13,22 14,16 13,15 14,17
20 84
3,7 2,12 1,15 6,10 5,12 11,16 9,13 4,11 8,15 8,18 5,7 7,19 1,19 5,11 1,17 9,14 12,13 3,8 8,13 2,8 0,2 2,7 4,12 4,7 5,9 5,10 12,14 11,18 11,15 8,19 11,14 1,14 1,16 9,15 8,14 3,11 12,18 11,19 8,16 10,14 2,9 3,9 4,8 10,15 9,18 6,11 2,11 1,13 6,12 12,17 7,14 11,13 7,17 10,18 3,10 6,8 0,5 12,15 0,4 0,3 10,16 11,17 2,10 6,9 5,8 7,15 7,13 7,18 10,13 7,16 12,16 0,6 9,17 6,7 9,19 10,17 4,9 1,18 12,19 4,10 8,17 10,19 3,12 9,16
34 242
9,17 4,15 11,19 9,20 10,20 3,14 14,22 19,23 13,32 3,15 11,15 14,29 21,33 1,30 12,25 16,27 18,27 2,17 4,19 19,30 12,33 0,2 10,19 15,28 18,29 1,25 6,16 17,29 15,31 14,27 12,29 16,31 19,29 16,32 18,33 13,22 18,31 18,30 6,19 0,5 10,12 5,15 9,14 21,26 0,10 12,31 7,21 6,14 13,27 20,33 1,33 16,23 11,20 1,29 16,26 2,18 17,23 3,20 21,29 8,13 12,30 3,19 14,23 7,18 16,33 4,18 3,18 10,13 3,13 19,32 20,30 17,25 1,32 8,12 13,29 1,22 20,28 19,24 2,15 14,28 17,32 1,27 20,32 5,20 14,25 10,21 6,15 15,25 7,15 11,18 11,16 4,13 13,25 0,8 6,12 8,18 2,14 8,21 6,17 4,20 14,24 7,17 17,27 18,25 16,25 15,32 0,4 16,24 2,12 7,19 3,17 4,17 1,24 8,20 13,26 19,33 20,25 12,28 5,21 6,21 17,26 7,12 15,29 14,30 19,31 16,30 19,27 18,24 19,22 1,31 4,12 10,14 1,28 18,28 6,13 9,19 7,14 5,14 9,18 9,13 17,28 13,28 20,23 13,23 12,26 18,22 21,31 15,26 3,12 12,23 20,31 8,19 15,22 21,24 2,13 13,31 21,27 14,32 15,30 17,24 15,24 7,20 11,14 11,13 8,17 10,17 8,15 18,32 11,12 1,23 15,23 21,25 3,16 2,21 20,22 20,24 11,21 16,22 13,33 13,24 5,13 17,22 3,21 1,26 12,32 2,16 0,6 9,21 15,33 19,28 15,27 21,22 18,26 10,16 5,18 7,13 14,33 14,26 10,18 5,12 17,31 5,17 16,28 13,30 17,33 5,16 12,27 9,15 18,23 12,24 2,19 4,14 21,28 14,31 10,15 16,29 11,17 0,9 4,16 5,19 21,30 8,14 2,20 0,3 19,25 7,16 12,22 19,26 21,32 20,27 20,26 6,18 4,21 0,7 21,23 9,12 6,20 20,29 8,16 9,16 0,11 17,30
23 83
12,20 5,12 4,17 12,17 18,22 3,21 5,18 6,20 6,19 6,17 3,10 5,10 3,18 10,21 2,15 4,15 4,6 11,22 9,12 8,10 7,19 7,9 3,13 10,18 3,17 2,22 5,9 0,1 5,13 6,22 2,17 6,18 3,19 6,11 7,10 20,22 2,18 8,12 11,15 16,18 4,13 13,17 3,9 19,20 4,8 15,20 6,13 4,20 7,14 10,17 3,7 19,22 13,20 8,13 2,8 2,21 9,18 17,21 6,8 4,5 13,16 2,6 7,16 7,18 8,11 3,12 14,18 8,14 7,17 6,9 15,19 11,14 13,22 5,15 10,11 19,21 14,16 3,8 8,20 10,19 10,14 18,19 5,19
31 59
4,6 19,21 15,19 3,5 7,11 17,18 24,28 9,14 9,13 20,23 22,25 10,13 14,17 24,27 27,30 0,3 18,21 22,26 11,14 28,30 15,18 19,20 27,29 5,7 13,17 17,19 20,22 5,8 11,12 13,15 14,15 25,28 22,24 1,27 6,11 8,11 23,25 7,10 3,4 23,26 7,9 25,27 8,9 4,8 12,17 21,22 26,28 2,4 11,13 0,2 10,14 1,28 12,16 18,20 16,19 21,23 9,12 23,24 26,27
5 5
0,3 1,2 0,2 1,4 3,4
23 211
17,21 3,5 6,14 9,14 4,14 6,12 11,12 13,15 9,22 10,20 9,21 2,4 11,22 3,9 15,18 5,22 3,18 18,20 7,10 8,10 4,11 5,13 4,19 2,14 5,8 3,10 8,16 5,10 8,9 9,18 3,4 7,17 6,13 13,14 6,10 4,7 8,15 3,14 0,1 6,17 4,10 21,22 8,18 8,11 15,19 17,22 4,8 2,22 10,15 5,20 2,17 7,11 11,13 18,22 3,19 17,20 6,15 12,13 2,10 17,18 11,19 17,19 12,19 15,20 8,12 2,8 14,19 5,6 3,17 7,14 10,17 10,13 2,3 11,18 16,17 11,20 5,16 12,17 10,11 3,20 9,12 3,21 3,15 5,7 9,19 12,16 10,12 7,19 2,9 19,20 4,9 14,20 2,7 14,16 2,20 3,8 11,21 5,9 10,16 7,20 4,16 6,9 3,6 5,15 2,16 2,21 8,19 4,13 11,15 10,21 9,20 13,16 14,21 5,21 4,6 10,18 13,17 2,13 11,14 15,21 16,18 18,19 8,14 6,18 7,15 7,18 14,22 6,7 9,15 5,17 18,21 2,6 5,14 15,16 7,16 16,22 3,12 6,11 4,20 10,22 6,19 7,12 12,20 12,14 6,16 4,5 4,12 12,15 2,15 4,15 19,21 10,14 15,17 8,17 2,5 6,21 4,22 4,18 6,22 11,17 15,22 7,9 9,11 5,19 13,19 4,17 6,20 8,20 3,13 19,22 2,12 7,22 14,17 4,21 13,20 5,11 9,10 7,8 16,19 5,18 3,16 14,15 20,21 9,13 8,22 8,21 3,22 13,21 3,7 2,11 6,8 3,11 10,19 16,21 5,12 16,20 2,19 11,16 9,17 13,22 20,22 2,18 12,18 8,13 7,13 7,21 13,18 12,21 14,18 12,22 9,16
33 231
21,31 7,20 14,32 0,3 1,28 17,29 2,19 19,28 11,18 19,26 21,26 20,32 19,27 8,13 13,24 10,12 10,18 3,17 15,26 3,14 6,16 21,28 20,23 14,31 2,18 16,26 10,15 12,28 13,27 1,29 16,27 1,23 4,20 8,15 16,23 4,12 2,13 5,19 1,26 18,25 2,17 14,23 4,16 14,25 5,17 14,24 10,13 9,15 10,17 3,12 0,7 6,15 18,23 0,2 3,13 12,30 8,18 17,22 16,28 16,22 14,22 1,24 18,26 5,20 11,14 10,19 21,25 15,30 3,18 21,29 9,16 0,10 1,32 3,19 5,16 19,30 12,23 15,31 15,28 10,14 6,12 8,12 2,12 11,16 12,25 4,18 20,24 8,17 13,25 18,30 13,26 9,18 16,24 7,17 16,32 7,16 8,20 20,29 21,27 3,16 18,32 9,21 21,24 11,20 15,24 17,27 5,14 15,22 14,30 6,19 21,23 20,28 15,32 12,22 17,32 16,30 6,18 17,31 13,22 0,5 20,26 10,21 1,31 5,12 6,17 17,23 4,19 21,30 7,21 0,8 19,31 3,15 19,22 16,31 13,30 13,29 20,25 20,27 1,22 6,21 4,14 9,20 13,31 19,32 17,25 13,23 7,15 8,19 14,28 17,30 17,24 8,21 0,4 1,30 0,11 0,9 12,29 11,21 6,13 21,22 8,16 16,29 18,29 6,20 10,20 15,27 10,16 17,28 18,22 4,17 12,27 13,32 14,27 2,16 18,27 17,26 19,29 7,13 2,21 16,25 4,21 3,20 11,19 9,12 1,27 7,19 2,20 3,21 5,13 2,15 7,12 9,19 14,26 11,13 19,24 11,15 9,17 20,30 6,14 5,18 19,23 7,14 20,31 9,14 15,25 12,26 12,24 13,28 4,15 18,31 15,23 20,22 1,25 9,13 12,31 12,32 19,25 4,13 5,21 18,28 7,18 0,6 15,29 11,12 5,15 8,14 14,29 21,32 18,24 2,14 11,17
29 59
14,16 11,14 2,7 8,11 23,26 14,15 14,17 4,7 12,14 19,21 3,6 19,22 2,5 0,4 7,8 4,6 9,11 8,10 17,20 6,9 5,9 16,19 15,18 17,18 0,2 23,25 9,12 21,24 15,20 1,25 24,27 22,25 3,5 19,23 21,25 22,26 20,23 5,8 12,13 1,26 7,9 13,15 23,24 25,28 21,26 11,13 15,19 26,28 3,7 6,8 20,21 26,27 0,3 18,21 18,23 22,24 25,27 24,28 10,13
19 27
6,10 5,7 4,6 5,6 16,17 7,8 16,18 1,16 8,11 2,4 7,9 15,18 10,12 0,2 9,12 3,5 6,9 13,16 0,3 12,13 15,17 7,10 12,14 3,4 1,15 4,7 14,16
18 66
10,14 7,16 4,8 7,17 9,12 4,7 8,14 1,15 7,13 0,2 9,16 6,10 5,10 2,9 1,16 1,14 8,13 0,4 10,15 11,16 8,12 9,13 7,15 10,16 8,16 5,8 2,8 1,17 5,7 10,12 3,7 2,11 0,3 8,15 3,9 3,10 11,15 10,17 4,9 3,11 0,6 6,11 7,14 0,5 6,7 6,9 11,13 10,13 4,10 2,10 9,17 8,17 11,17 1,13 1,12 5,9 7,12 4,11 5,11 9,15 11,14 3,8 2,7 11,12 6,8 9,14
28 41
23,25 7,10 17,19 2,4 7,9 12,15 19,21 12,14 24,27 8,11 0,2 21,23 1,24 15,16 19,20 22,24 13,17 1,25 8,12 24,26 20,22 11,15 6,10 3,4 4,7 16,18 5,6 21,22 3,5 18,20 10,12 25,27 5,7 15,17 0,3 25,26 4,6 6,9 9,12 2,5 14,17
12 11
2,3 1,5 3,11 1,3 3,7 2,6 0,2 0,10 2,9 0,8 0,4
23 92
5,17 8,22 11,17 10,21 5,20 1,9 10,19 10,20 6,14 1,5 0,10 12,17 6,17 8,16 5,14 8,18 0,8 12,14 11,15 7,20 10,16 7,13 1,11 8,14 6,21 5,18 7,15 0,6 11,18 5,21 12,13 11,20 5,16 0,2 11,13 12,15 9,13 8,20 6,19 5,22 9,18 7,16 6,13 10,22 6,22 10,17 8,13 1,7 6,18 7,17 5,13 12,16 10,13 9,16 9,19 7,19 12,18 6,15 9,17 8,19 6,16 12,21 8,15 7,22 10,15 11,19 9,21 8,21 11,14 8,17 12,19 6,20 11,16 9,15 9,20 7,21 11,22 10,18 9,14 11,21 12,20 3,4 1,4 0,12 12,22 5,15 9,22 7,14 5,19 10,14 7,18 2,3
33 47
7,8 2,30 5,22 13,26 7,9 14,27 20,28 13,22 19,26 8,9 6,25 16,17 0,2 18,19 2,21 1,18 10,11 1,26 0,16 3,8 5,6 17,18 3,4 2,3 13,14 4,5 20,22 2,5 6,13 6,7 25,27 11,22 7,13 9,30 12,13 6,11 3,14 14,15 0,30 15,16 9,10 4,11 13,18 3,15 11,12 15,17 9,28
