6
2
1 1 0 1
1 1
1
3
1 2 3 2 1 0 1 3
100 150 50 90
500 400
800 
4
1 2 3 2 1 0 1 3 1 2 3 2 1 0 1 3
100 150 50 90 100 150 50 90
500 400 500 400
800 800
800
5
1 2 3 2 1 0 1 3 1 2 3 2 1 0 1 3 1 2 3 2 1 0 1 3 1 2 3 2 1 0 1 3
100 150 50 90 100 150 50 90 100 150 50 90 100 150 50 90
500 400 500 400 500 400 500 400
800 800 800 800
800 800
800
6
1 2 3 2 1 0 1 3 1 2 3 2 1 0 1 3 1 2 3 2 1 0 1 3 1 2 3 2 1 0 1 3 1 2 3 2 1 0 1 3 1 2 3 2 1 0 1 3 1 2 3 2 1 0 1 3 1 2 3 2 1 0 1 3
100 150 50 90 100 150 50 90 100 150 50 90 100 150 50 90 100 150 50 90 100 150 50 90 100 150 50 90 100 150 50 90
500 400 500 400 500 400 500 400 500 400 500 400 500 400 500 400
800 800 800 800 800 800 800 800
800 800 800 800
800 800
800
7
1 2 3 2 1 0 1 3 1 2 3 2 1 0 1 3 1 2 3 2 1 0 1 3 1 2 3 2 1 0 1 3 1 2 3 2 1 0 1 3 1 2 3 2 1 0 1 3 1 2 3 2 1 0 1 3 1 2 3 2 1 0 1 3 1 2 3 2 1 0 1 3 1 2 3 2 1 0 1 3 1 2 3 2 1 0 1 3 1 2 3 2 1 0 1 3 1 2 3 2 1 0 1 3 1 2 3 2 1 0 1 3 1 2 3 2 1 0 1 3 1 2 3 2 1 0 1 3
100 150 50 90 100 150 50 90 100 150 50 90 100 150 50 90 100 150 50 90 100 150 50 90 100 150 50 90 100 150 50 90 100 150 50 90 100 150 50 90 100 150 50 90 100 150 50 90 100 150 50 90 100 150 50 90 100 150 50 90 100 150 50 90
500 400 500 400 500 400 500 400 500 400 500 400 500 400 500 400 500 400 500 400 500 400 500 400 500 400 500 400 500 400 500 400
800 800 800 800 800 800 800 800 800 800 800 800 800 800 800 800
800 800 800 800 800 800 800 800
800 800 800 800
800 800
800


