100
10
13 4 16 99
9 54 28 72
69 67 85 90
50 45 79 92
31 52 63 86
48 40 82 50
41 9 78 50
35 5 47 85
25 37 61 69
22 9 56 22
10
11 8 11 13
6 28 11 28
16 8 16 13
21 8 21 13
6 8 11 8
26 8 26 13
6 23 11 23
6 18 11 18
6 13 11 13
6 8 6 13
10
44 3 68 50
6 4 8 99
51 83 55 88
13 14 46 50
30 3 40 98
27 8 51 54
49 22 81 35
11 11 50 22
35 59 71 82
85 1 91 96
10
72 39 80 60
6 20 36 29
45 1 54 96
5 5 24 64
48 48 61 48
48 62 55 70
65 17 78 33
61 31 90 81
86 37 94 87
21 28 48 73
10
52 27 89 63
50 1 55 96
40 72 77 73
40 22 69 44
44 80 78 95
2 34 5 46
94 3 94 98
78 2 94 58
44 75 80 90
50 36 54 84
10
8 29 45 36
52 46 85 46
57 3 65 98
67 2 68 97
32 6 48 94
36 12 59 60
43 37 65 89
11 12 50 50
56 18 91 23
57 2 63 97
10
78 2 90 95
6 23 37 51
42 14 61 86
39 54 53 89
82 3 82 98
14 20 28 61
31 25 39 92
33 4 41 99
33 14 67 47
6 43 20 53
10
33 44 68 60
10 12 32 35
61 1 64 96
65 65 96 93
38 64 67 96
7 8 34 24
51 2 56 97
52 1 65 40
16 48 41 51
6 8 15 98
10
25 64 55 99
66 3 76 98
43 25 76 54
79 2 83 97
59 4 60 99
43 4 45 99
25 26 57 50
63 3 64 98
61 3 66 98
17 4 23 99
10
64 4 70 99
22 60 58 97
49 29 77 67
72 57 90 72
35 1 35 96
32 35 48 63
7 7 28 9
69 25 94 32
65 2 74 97
6 37 39 66
10
33 53 41 69
38 50 64 94
74 66 90 74
54 42 83 90
82 17 95 53
13 64 28 70
47 11 55 54
57 4 96 22
55 38 90 49
88 23 92 90
10
60 71 60 71
79 86 79 86
31 51 31 51
75 24 75 24
41 19 41 19
99 87 99 87
16 57 16 57
72 21 72 21
61 21 61 21
31 58 31 58
10
11 10 34 67
81 5 98 89
55 18 62 81
45 40 84 46
30 11 59 34
7 27 28 59
26 5 47 20
54 27 93 27
44 4 69 34
24 17 54 18
10
69 7 89 57
58 22 72 84
7 46 25 98
24 45 53 48
59 51 93 74
33 1 40 96
14 32 23 66
14 1 24 35
14 1 22 96
56 58 95 81
10
46 78 78 90
46 60 74 69
78 69 99 86
56 65 89 98
11 66 32 92
41 20 59 87
13 41 46 46
45 14 63 78
82 28 90 94
71 3 79 98
10
84 5 97 99
46 4 47 99
81 6 92 72
43 11 66 19
2 52 38 56
81 66 96 67
77 1 86 96
15 58 38 99
64 37 99 80
60 3 64 98
10
93 1 99 96
20 38 49 65
79 17 95 97
73 1 82 96
43 42 68 58
52 53 86 53
23 4 27 55
35 34 54 89
19 38 38 42
4 41 37 42
10
34 4 47 99
8 36 45 60
40 38 58 77
77 76 97 78
16 53 54 83
69 12 90 55
65 35 93 79
49 3 56 98
3 70 26 82
57 36 66 51
8
18 10 21 13
15 7 18 10
18 4 21 7
9 13 12 16
9 7 12 10
15 13 18 16
12 4 15 7
12 10 15 13
10
25 62 32 73
33 62 41 73
55 3 57 98
52 3 53 98
52 89 90 97
60 76 81 87
35 24 66 49
17 72 56 96
39 15 59 90
81 51 96 86
10
24 4 26 99
22 3 31 98
1 2 8 97
7 59 26 61
61 31 85 43
63 51 78 87
39 84 72 95
56 3 56 98
45 58 71 97
54 3 54 98
10
52 2 54 97
82 4 91 99
25 46 58 59
16 63 38 69
17 63 52 85
13 83 45 84
16 55 55 64
42 3 45 8
46 8 82 27
63 39 86 43
10
48 25 65 99
32 72 70 81
10 15 29 79
45 50 70 66
65 37 99 68
51 10 80 47
16 11 31 49
11 2 17 97
8 67 37 93
56 47 86 53
10
9 39 46 78
41 63 74 67
2 47 26 90
16 35 48 76
48 94 86 96
21 70 56 81
43 26 72 60
18 5 57 22
12 69 48 77
90 24 98 80
10
3 1 29 47
9 3 18 98
67 3 75 98
44 14 75 54
80 8 93 74
22 11 54 28
12 35 42 74
46 60 84 82
56 57 93 72
65 20 78 67
10
15 1 17 96
61 34 85 91
55 10 70 69
45 16 84 38
34 27 42 57
16 35 46 62
49 17 66 42
47 5 55 81
60 52 82 63
57 59 80 93
10
54 1 60 96
43 65 64 89
63 32 93 73
24 2 25 97
41 97 70 99
53 47 92 75
52 2 52 97
8 42 34 94
26 78 51 86
34 8 51 89
10
7 35 29 62
44 65 53 82
79 3 88 98
73 6 78 81
83 36 89 79
2 22 14 81
8 17 16 90
35 44 54 69
84 5 97 90
32 3 45 50
10
82 4 92 99
25 16 48 41
34 42 69 78
30 4 62 44
30 63 40 94
23 2 32 97
23 55 33 79
37 52 42 79
56 7 87 21
4 1 5 96
10
76 4 85 99
42 72 61 76
21 35 56 56
17 40 52 79
49 3 55 98
55 25 74 96
48 6 62 85
33 65 71 65
12 33 51 36
16 45 32 49
10
62 1 64 96
39 28 43 80
25 8 42 67
70 19 90 88
7 59 43 95
57 12 71 95
64 2 77 97
2 59 29 89
15 1 15 96
23 3 23 98
10
42 12 68 64
83 2 89 97
28 77 59 78
10 17 10 90
45 47 65 47
33 27 70 43
11 67 43 80
83 79 90 90
27 64 64 66
85 46 94 86
10
25 56 51 87
82 46 86 99
48 27 87 57
6 29 36 78
41 10 80 24
64 55 80 86
27 63 61 90
69 57 87 77
69 4 95 10
39 2 51 93
10
55 4 69 94
32 12 71 14
34 3 40 98
70 33 99 74
29 38 45 87
76 18 88 29
79 6 89 92
40 27 56 51
40 12 68 54
4 45 41 57
10
28 60 51 94
29 51 48 86
59 44 91 75
57 1 73 1
76 70 98 94
37 25 57 90
40 48 54 75
27 15 38 43
58 8 73 81
17 34 20 87
10
55 1 78 48
26 69 54 97
42 43 52 88
58 44 85 99
15 29 39 72
38 35 70 64
74 2 75 97
73 22 76 97
6 62 22 94
57 48 87 76
10
33 88 56 90
19 45 46 87
33 54 66 92
19 35 47 78
57 3 59 98
34 6 63 37
73 3 73 98
54 59 89 78
21 54 49 62
66 4 87 9
10
92 1 93 96
5 55 20 74
38 20 76 48
45 40 79 58
45 46 83 74
66 11 88 77
20 3 22 98
34 22 47 79
55 39 87 78
39 29 55 96
10
27 41 62 73
15 61 46 96
5 57 25 70
19 3 19 98
63 1 71 96
29 3 35 98
71 4 79 99
48 60 83 93
64 2 65 97
39 44 68 66
10
32 1 38 96
75 3 85 98
63 56 98 93
12 89 49 90
48 10 85 33
5 24 29 79
35 20 70 38
13 4 30 83
48 4 56 87
58 51 83 88
10
29 3 32 98
12 4 18 99
71 1 80 96
92 4 92 99
28 13 45 52
63 1 64 96
41 27 52 81
43 68 82 73
77 10 86 86
67 16 74 24
10
90 3 96 98
33 73 65 97
54 27 80 35
48 16 78 57
49 55 77 56
37 37 70 60
65 4 94 6
5 73 28 77
4 57 23 84
73 43 96 94
10
6 24 27 94
63 1 74 96
58 16 74 35
13 8 39 33
11 74 31 96
31 6 49 77
39 51 71 85
13 30 41 51
13 3 17 98
42 53 81 76
10
67 4 67 99
34 12 48 96
18 20 44 70
6 1 12 96
41 29 62 94
63 20 90 48
14 3 19 98
12 1 23 96
14 51 46 89
76 38 97 90
10
40 9 64 27
94 3 97 98
13 19 35 29
41 56 79 96
37 35 73 56
30 9 43 97
10 8 26 73
34 20 60 50
14 1 35 52
33 3 38 98
10
46 62 74 89
54 22 73 22
40 3 41 98
67 3 91 49
22 4 27 99
18 35 22 92
34 24 69 39
27 5 51 59
1 38 17 92
30 3 52 63
10
65 27 78 64
10 22 35 38
57 64 84 84
40 3 50 98
2 79 39 81
72 3 84 98
20 20 38 80
16 13 35 75
60 82 67 98
72 25 78 51
10
5 22 36 40
33 52 54 96
54 36 79 96
23 35 52 74
35 4 37 99
98 2 99 97
61 18 91 63
67 52 83 56
60 41 84 77
31 15 47 94
10
64 4 69 99
4 33 32 51
11 20 22 52
56 54 80 74
22 78 45 85
63 12 76 49
42 2 68 44
74 19 82 96
64 2 67 97
3 25 33 39
10
51 36 69 88
89 2 99 97
63 45 98 61
49 9 68 52
4 89 34 92
61 82 75 95
39 19 69 22
66 9 85 80
50 15 55 83
45 2 49 97
10
91 2 96 97
8 50 25 54
51 19 58 32
45 49 64 87
70 18 82 49
21 85 51 99
24 69 50 77
63 68 71 80
31 39 40 57
9 1 10 96
10
17 29 33 29
71 48 71 64
9 67 9 83
83 1 83 17
87 58 100 58
1 79 17 79
88 56 88 72
28 24 28 40
70 53 86 53
70 3 86 3
10
33 14 43 46
27 30 42 46
36 49 55 51
72 65 75 99
8 4 11 99
62 18 97 38
58 4 67 99
17 19 30 69
30 15 51 66
59 18 91 54
10
68 3 78 98
68 3 75 98
28 11 57 40
7 53 28 92
24 5 59 16
13 2 25 97
46 27 63 70
12 43 49 55
78 3 79 98
50 22 68 27
10
47 4 47 99
45 1 45 96
14 20 25 99
51 43 66 72
66 70 94 75
82 26 92 43
45 60 84 91
56 30 86 37
25 4 27 99
39 23 76 62
10
1 67 28 87
63 47 92 92
63 27 71 27
17 1 21 95
23 73 40 98
2 33 41 51
32 35 70 64
51 51 81 77
39 14 72 32
7 63 41 82
10
36 71 55 99
4 15 20 58
85 29 98 77
7 18 13 91
60 25 84 57
54 5 69 29
62 4 75 99
7 1 45 6
2 20 18 39
47 61 84 93
10
27 8 45 12
3 4 37 26
72 32 94 94
18 47 39 71
41 1 43 96
77 62 99 73
48 1 58 33
60 16 69 42
61 71 88 76
45 62 69 66
10
51 23 81 30
28 9 65 9
23 11 54 42
2 24 31 68
24 27 48 45
62 3 64 98
31 1 43 90
29 79 65 87
36 4 36 99
16 15 34 59
10
47 18 82 56
56 1 56 96
22 19 31 95
16 21 44 28
72 25 99 74
23 24 53 26
28 2 28 97
70 43 85 91
64 20 73 87
10 44 43 79
10
27 4 37 99
1 15 28 63
60 87 70 96
80 55 98 93
52 9 74 59
6 12 10 32
4 30 30 81
31 3 37 98
73 13 87 92
45 4 57 99
10
28 30 61 72
33 65 68 77
48 30 73 54
29 1 30 96
73 1 76 96
60 2 63 97
12 27 44 74
53 4 59 99
11 28 30 78
40 6 41 42
10
31 2 34 97
46 3 51 98
12 2 23 88
40 51 65 58
5 54 26 94
59 41 89 73
67 21 94 48
26 63 61 86
7 8 19 91
43 1 43 96
10
60 47 98 79
62 3 78 96
5 2 7 97
54 26 76 81
1 56 32 76
38 40 77 48
62 9 81 57
37 40 49 79
54 11 74 45
60 4 62 99
10
15 57 50 84
21 3 48 45
60 86 82 96
15 1 25 85
17 32 50 61
13 32 42 77
57 4 62 99
14 1 15 96
13 18 33 29
40 1 45 96
10
65 16 82 57
77 1 88 96
18 37 53 54
31 11 68 44
12 23 35 27
55 74 88 85
29 60 42 85
39 4 52 35
31 21 66 50
65 46 84 50
10
57 8 70 46
55 38 81 93
4 4 11 99
69 52 97 95
55 38 62 97
22 31 49 71
16 64 32 80
5 8 28 43
19 18 53 41
43 54 75 67
10
9 2 42 33
20 4 58 4
24 29 51 76
68 21 92 21
18 4 22 99
6 9 16 73
24 23 37 43
48 1 57 96
23 20 39 24
10 72 48 73
10
7 78 44 85
56 27 95 62
60 3 60 98
10 25 31 92
13 25 24 45
80 38 85 72
16 21 44 48
4 52 35 82
13 13 47 35
34 4 36 99
10
58 32 71 59
52 47 69 92
13 20 31 82
25 51 63 57
8 25 34 72
78 4 81 99
86 1 91 96
14 1 17 96
17 3 22 98
24 59 62 86
1
1 100 100 100
3
2 2 4 2
2 3 2 4
5 1 5 1
10
58 31 85 59
31 35 67 74
28 2 29 97
62 10 80 78
19 5 40 75
32 3 36 98
12 8 50 11
55 25 81 55
40 32 70 38
72 17 83 71
10
25 40 59 44
27 38 61 56
23 50 29 85
19 83 31 95
52 25 83 36
4 47 39 73
16 4 29 99
1 8 18 8
14 38 44 70
59 79 96 96
10
29 69 58 77
15 28 37 41
21 1 24 82
35 35 56 81
85 2 85 97
88 4 90 99
4 7 33 8
48 13 58 94
51 5 73 45
38 73 70 94
10
38 22 69 44
67 50 99 76
61 24 71 70
11 3 20 98
45 43 84 65
57 15 73 63
38 68 44 96
20 12 29 95
28 12 45 82
53 16 86 50
10
20 25 40 71
26 18 63 23
60 30 96 70
26 67 44 88
1 40 13 85
10 27 36 68
43 3 49 98
33 3 35 98
38 39 57 96
51 4 54 99
10
66 30 91 85
20 25 27 94
18 67 55 81
87 2 88 97
55 29 83 72
73 28 95 66
2 4 10 99
20 37 58 70
35 1 72 36
44 3 79 35
10
81 30 99 72
10 78 37 86
82 27 96 64
29 3 37 98
38 10 72 44
61 57 96 63
38 27 51 75
45 18 70 19
86 7 93 8
5 56 22 78
10
3 39 33 61
91 15 97 69
48 19 78 52
51 4 55 99
33 51 62 95
22 6 46 8
23 7 36 98
21 9 45 19
15 1 23 96
56 19 63 93
10
31 48 64 86
40 3 40 98
24 27 55 59
42 83 65 89
17 4 24 99
22 69 36 94
40 21 61 44
90 20 97 92
19 3 29 98
12 9 39 57
10
52 46 71 81
17 2 42 58
72 12 88 86
56 18 84 34
42 48 63 56
50 22 61 78
10 31 32 31
4 25 34 73
9 53 35 81
19 44 55 70
10
21 2 22 97
22 1 28 96
24 43 56 81
34 4 35 99
48 14 86 14
71 2 79 97
13 67 38 92
21 15 35 72
66 3 81 86
81 2 86 97
10
75 59 87 78
56 8 87 24
53 96 90 97
54 77 93 86
31 43 62 80
18 9 30 83
10 2 11 97
78 37 99 92
64 55 73 84
43 40 74 57
10
52 2 56 97
62 80 98 96
59 8 80 72
77 51 88 85
64 16 98 36
40 46 60 92
30 35 61 84
42 40 67 65
36 75 75 98
8 24 46 61
10
1 73 36 91
67 73 90 96
16 40 50 55
61 80 92 94
80 31 95 98
24 42 41 61
43 6 81 28
59 51 79 81
24 59 60 91
12 59 49 98
10
27 47 51 69
23 30 54 32
28 57 64 78
16 33 51 63
66 39 93 72
75 30 87 66
27 51 56 92
16 2 17 97
70 8 86 59
85 1 91 96
10
69 54 88 82
28 22 50 48
90 5 97 95
12 3 22 98
45 26 60 87
60 43 92 85
77 45 84 75
19 3 32 98
40 3 49 98
3 93 30 99
10
16 4 17 99
73 4 80 99
22 72 58 90
38 2 41 97
19 4 27 99
6 36 42 75
31 57 52 82
57 52 87 70
2 18 33 43
46 26 54 56
10
22 39 58 73
76 52 94 89
38 8 58 47
61 56 97 85
9 13 30 57
9 18 45 25
27 43 42 97
69 37 82 93
52 26 84 46
73 2 78 97
10
59 4 68 99
34 20 56 66
32 4 32 99
65 32 79 92
85 1 96 96
51 27 69 57
51 72 83 76
65 36 65 87
27 78 45 82
14 10 36 28
10
18 20 39 89
53 26 92 42
74 4 74 99
9 18 20 72
22 11 61 14
8 3 18 98
36 7 54 54
7 10 32 32
21 19 51 31
47 37 82 61
10
57 43 87 75
11 4 13 99
85 4 96 99
62 12 90 62
18 2 26 97
9 51 46 78
18 3 27 98
5 57 16 93
22 14 60 19
45 1 80 28
10
19 57 56 98
68 12 93 63
9 7 11 84
31 64 59 80
78 70 91 92
11 1 47 34
76 55 99 56
88 1 96 71
19 9 34 64
69 40 70 71
10
73 2 74 97
42 1 45 96
25 7 44 81
32 76 50 83
71 1 75 94
36 15 64 60
98 3 99 98
53 73 66 77
52 6 80 12
9 3 23 34
10
32 7 66 34
57 33 78 59
7 3 9 98
53 1 66 96
37 28 70 32
11 63 26 66
50 4 55 99
66 57 75 71
73 3 87 78
61 25 83 30
10
58 30 73 96
80 4 82 84
80 3 87 63
73 15 76 93
27 34 44 99
30 6 67 44
14 47 20 56
18 96 43 96
53 2 64 97
88 2 95 97
10
4 69 23 73
2 22 32 57
14 31 29 31
29 73 57 92
10 1 37 57
14 25 28 51
65 81 97 85
27 40 65 40
27 33 61 53
1 10 40 38
10
97 4 97 99
57 8 76 49
39 45 70 94
15 59 42 59
74 3 74 98
48 23 53 72
70 54 74 75
49 70 82 88
62 1 69 96
25 57 58 75
10
87 3 97 91
40 10 77 46
53 21 77 71
44 47 50 99
94 4 99 99
4 39 33 53
31 4 37 99
20 52 33 77
34 4 37 99
1 3 15 85
