100
2 2
0.50 0.50
4 2
0.00 0.00 1.00 1.00
3 2
0.50 0.75 1.00
16 8
0.90 0.91 1.00 1.00 0.99 0.99 0.60 0.96 0.96 0.73 0.98 0.98 0.51 0.76 0.98 1.00
16 8
0.98 0.14 0.49 1.00 0.98 0.36 1.00 0.98 0.25 0.19 0.98 0.99 1.00 0.22 0.27 0.00
16 10
0.41 0.40 0.49 0.70 0.50 0.54 0.58 0.34 0.46 0.44 0.55 0.51 0.70 0.45 0.45 0.32
16 10
0.50 0.50 0.50 0.50 0.50 0.51 0.51 0.51 0.51 0.51 0.51 0.51 0.50 0.51 0.50 0.50
16 8
0.96 0.95 0.97 0.01 0.07 0.94 0.95 0.01 0.05 0.91 0.10 1.00 0.94 0.07 0.10 0.09
16 14
0.50 0.50 0.50 0.49 0.49 0.49 0.50 0.50 0.49 0.49 0.51 0.49 0.49 0.49 0.50 0.50
16 6
0.45 0.43 0.44 0.49 0.49 0.57 0.36 0.35 0.38 0.60 0.41 0.67 0.44 0.46 0.37 0.49
8 2
0.00 0.00 1.00 0.00 1.00 1.00 1.00 0.00
16 8
0.59 0.51 0.53 0.49 0.46 0.45 0.52 0.47 0.67 0.46 0.57 0.60 0.46 0.43 0.44 0.48
16 8
0.45 0.51 0.45 0.52 0.45 0.46 0.45 0.50 0.51 0.45 0.45 0.52 0.49 0.47 0.45 0.45
8 6
1.00 1.00 1.00 1.00 1.00 1.00 1.00 1.00
16 8
0.80 0.02 0.89 0.94 0.01 0.96 0.02 0.02 0.68 0.02 0.01 0.57 0.02 0.89 0.01 0.52
3 2
0.10 0.50 0.80
4 4
1.00 0.00 1.00 0.00
8 2
1.00 1.00 1.00 0.00 1.00 1.00 0.00 1.00
16 2
0.50 0.50 0.50 0.49 0.50 0.49 0.50 0.49 0.49 0.51 0.51 0.49 0.50 0.49 0.51 0.51
8 4
1.00 0.00 1.00 1.00 0.00 1.00 1.00 1.00
16 8
0.07 0.00 0.02 0.06 0.12 0.85 0.42 0.03 0.54 0.69 0.02 0.07 0.08 0.06 0.07 0.90
3 2
0.40 0.60 0.50
16 10
0.50 0.50 0.50 0.51 0.50 0.51 0.51 0.52 0.51 0.50 0.50 0.50 0.50 0.51 0.51 0.51
8 4
1.00 0.00 1.00 0.00 1.00 0.00 1.00 0.00
16 10
0.32 0.55 0.37 0.26 0.80 0.82 0.25 0.42 0.39 0.34 0.13 0.68 0.22 0.32 0.79 0.49
4 2
0.00 0.00 1.00 0.00
16 8
0.77 0.50 0.69 0.01 0.73 0.78 0.01 0.02 0.02 0.02 0.85 0.00 0.01 0.02 0.87 0.84
8 4
1.00 1.00 1.00 1.00 1.00 1.00 1.00 0.00
3 2
0.02 0.04 0.01
16 8
0.09 0.02 0.70 0.01 0.69 0.01 0.63 0.07 0.02 0.02 0.03 0.63 0.06 0.07 0.05 0.01
4 2
1.00 1.00 0.98 0.00
8 2
1.00 1.00 1.00 1.00 1.00 1.00 1.00 1.00
3 2
1.00 0.00 0.00
16 6
1.00 0.98 0.98 0.98 1.00 1.00 0.99 0.99 0.98 1.00 1.00 0.98 0.99 0.99 0.99 1.00
16 2
0.61 0.40 0.59 0.54 0.36 0.37 0.70 0.66 0.32 0.33 0.30 0.62 0.62 0.38 0.32 0.49
4 4
0.50 0.50 0.50 0.50
16 8
0.67 0.98 0.56 0.99 0.53 0.99 0.98 1.00 0.70 1.00 0.84 0.79 1.00 0.98 1.00 0.97
8 2
1.00 1.00 1.00 0.00 1.00 0.00 1.00 0.00
16 6
0.44 0.94 0.83 0.73 0.27 0.53 0.58 0.62 0.68 0.85 0.26 0.33 0.34 0.95 0.41 0.51
16 6
0.67 0.03 0.04 0.68 0.00 0.62 0.68 0.60 0.61 0.00 0.70 0.67 0.61 0.68 0.61 0.63
16 8
0.99 0.04 0.00 0.99 0.94 0.10 0.05 0.99 0.00 0.97 0.01 0.92 0.98 0.07 0.02 0.91
8 6
1.00 1.00 1.00 1.00 1.00 1.00 1.00 0.00
16 6
0.01 0.00 0.02 0.02 0.00 0.02 0.00 0.00 0.01 0.00 0.00 0.02 0.00 0.02 0.01 0.00
16 2
0.05 0.66 0.04 0.70 0.08 0.06 0.02 0.10 0.03 0.63 0.06 0.61 0.03 0.05 0.05 0.04
16 8
0.18 0.36 0.98 0.99 0.45 0.99 1.00 0.25 0.12 0.49 0.98 0.48 0.98 0.98 0.06 1.00
16 8
0.45 0.46 0.52 0.52 0.50 0.45 0.49 0.45 0.45 0.45 0.51 0.45 0.50 0.45 0.45 0.47
3 2
0.30 0.50 0.80
16 2
0.68 0.02 0.53 0.18 0.48 0.05 0.43 0.64 0.79 0.33 0.59 0.04 0.35 0.24 0.03 0.76
16 8
0.01 0.04 0.06 0.07 0.07 0.59 0.00 0.09 0.41 0.02 0.02 0.00 0.09 0.73 0.75 0.22
4 2
0.00 1.00 1.00 1.00
16 14
1.00 1.00 0.99 0.98 0.98 1.00 0.99 1.00 0.99 1.00 1.00 0.99 0.99 0.99 0.98 0.99
4 2
0.00 0.00 0.00 0.00
16 12
0.08 0.02 0.60 0.68 0.61 0.68 0.07 0.67 0.62 0.09 0.64 0.66 0.68 0.62 0.70 0.67
8 2
1.00 1.00 1.00 1.00 0.00 1.00 1.00 1.00
8 6
1.00 0.00 1.00 0.00 0.00 1.00 1.00 1.00
16 4
0.01 0.64 0.68 0.61 0.68 0.63 0.07 0.06 0.65 0.65 0.67 0.66 0.60 0.64 0.08 0.64
16 14
0.69 0.62 0.60 0.07 0.62 0.68 0.65 0.63 0.08 0.60 0.65 0.01 0.60 0.66 0.01 0.68
12 6
0.20 0.79 0.88 0.83 0.60 0.52 0.08 0.96 0.99 0.78 0.17 0.35
16 4
0.10 0.07 0.10 0.03 0.10 0.08 0.05 0.69 0.10 0.65 0.06 0.05 0.66 0.03 0.68 0.01
12 8
0.05 0.65 0.94 0.71 0.98 0.35 0.36 0.42 0.17 0.04 0.96 0.56
16 8
0.81 0.51 0.01 0.08 0.07 0.51 0.30 0.78 0.04 0.07 0.58 0.07 0.05 0.08 0.90 0.01
16 2
0.64 0.09 0.65 0.02 0.07 0.68 0.62 0.67 0.64 0.65 0.62 0.05 0.68 0.64 0.70 0.66
4 2
0.00 0.02 0.00 0.00
12 6
0.22 0.80 0.44 0.18 0.12 0.82 0.61 0.07 1.00 0.20 0.84 0.90
16 8
0.00 0.02 0.43 0.00 0.02 0.40 0.02 0.26 0.01 0.50 0.14 0.07 0.01 0.00 0.20 0.28
2 2
1.00 1.00
8 4
1.00 1.00 1.00 1.00 1.00 1.00 1.00 1.00
16 14
0.38 0.35 0.35 0.41 0.65 0.43 0.49 0.49 0.70 0.51 0.70 0.43 0.34 0.43 0.58 0.62
16 8
1.00 0.95 0.98 0.05 0.93 0.02 0.94 0.93 0.99 0.06 0.08 0.08 0.99 0.04 0.00 0.09
16 14
0.01 0.00 0.01 0.01 0.00 0.00 0.02 0.01 0.01 0.00 0.00 0.02 0.02 0.01 0.00 0.01
16 6
0.49 0.51 0.50 0.49 0.50 0.50 0.51 0.51 0.50 0.51 0.51 0.51 0.50 0.49 0.51 0.51
16 10
0.51 0.49 0.49 0.50 0.51 0.50 0.49 0.50 0.49 0.51 0.49 0.50 0.51 0.51 0.49 0.50
16 10
0.06 0.05 0.01 0.06 0.00 0.64 0.00 0.08 0.08 0.01 0.62 0.02 0.10 0.06 0.62 0.67
16 10
0.60 0.09 0.70 0.66 0.68 0.61 0.61 0.68 0.08 0.01 0.63 0.65 0.62 0.64 0.60 0.09
16 14
0.61 0.03 0.10 0.09 0.02 0.61 0.08 0.05 0.09 0.68 0.07 0.01 0.66 0.02 0.08 0.01
4 4
0.01 0.01 0.98 0.99
4 2
0.02 1.00 0.00 0.00
16 8
0.46 0.47 0.52 0.59 0.59 0.49 0.67 0.45 0.43 0.57 0.51 0.48 0.53 0.44 0.46 0.46
16 10
0.82 0.51 0.28 0.54 0.26 0.69 0.48 0.35 0.03 0.99 0.21 0.74 0.99 0.49 0.43 0.50
16 8
0.05 0.00 0.01 0.02 0.33 0.37 0.02 0.11 0.02 0.10 0.45 0.01 0.00 0.02 0.00 0.02
16 2
0.98 0.98 0.98 0.98 1.00 0.98 0.98 0.98 0.98 0.98 0.99 1.00 0.99 0.99 0.99 1.00
2 2
0.00 0.00
16 14
0.87 0.68 0.35 0.97 0.83 0.21 0.85 0.43 0.30 0.07 0.36 0.66 0.95 0.97 0.92 0.72
2 2
0.00 0.50
2 2
0.05 0.45
16 10
0.45 0.50 0.51 0.55 0.52 0.54 0.53 0.54 0.65 0.50 0.58 0.45 0.47 0.61 0.43 0.44
16 6
0.08 0.09 0.08 0.68 0.65 0.05 0.02 0.08 0.09 0.10 0.67 0.00 0.07 0.62 0.04 0.08
16 10
0.51 0.45 0.44 0.55 0.54 0.45 0.54 0.50 0.53 0.62 0.52 0.65 0.43 0.58 0.47 0.50
8 4
1.00 1.00 1.00 1.00 1.00 0.00 0.00 0.00
16 10
0.82 0.68 0.26 0.49 0.79 0.37 0.54 0.13 0.32 0.42 0.32 0.80 0.34 0.22 0.39 0.25
16 10
0.99 1.00 1.00 0.99 0.98 0.98 0.98 0.99 1.00 0.99 1.00 1.00 0.99 0.99 0.99 0.99
2 2
0.00 1.00
16 12
0.02 0.01 0.63 0.06 0.63 0.63 0.10 0.01 0.06 0.04 0.07 0.62 0.04 0.02 0.00 0.07
8 6
1.00 1.00 0.00 0.00 1.00 0.00 1.00 0.00
4 2
0.01 0.99 0.01 0.98
8 6
1.00 1.00 1.00 1.00 1.00 1.00 0.00 0.00
16 2
0.02 0.00 0.02 0.01 0.01 0.01 0.01 0.02 0.00 0.01 0.01 0.01 0.01 0.01 0.02 0.01
16 8
0.65 0.67 0.10 0.02 0.68 0.62 0.68 0.07 0.70 0.64 0.70 0.09 0.65 0.60 0.65 0.69
3 2
0.50 0.50 0.50
16 10
0.02 0.01 0.02 0.00 0.00 0.02 0.02 0.02 0.00 0.00 0.01 0.02 0.02 0.00 0.00 0.02
