1000
3 6
3 1
916242806 578090405
51288197 449382816
105862225 87069616
190202845 286554356
350319116 768606529
938066169 917822714
445143121 43602813
855637361 647855308
876499242 93938863
601583061 821074498
409933629 103613374
501485587 88543824
469758918 709281312
929283039 740726048
994572879 280686036
663079765 110197542
640013228 844929787
801633793 109862693
508437218 590720214
30741179 617416692
141458424 395037799
127004364 873016669
176586696 957762399
396013566 117649880
118606730 208409640
75356477 524043735
893662341 100638057
1000000000 0
858214223 267629092
184745167 837354967
953915802 415794796
995722560 305983637
643407650 675743681
15619481 68024507
342256637 62955398
327576796 73763326
436091599 86192516
269813435 558050755
436966003 334342491
983988737 199113194
598504911 592714699
260837249 8640955
410682905 309404202
866170179 356103917
269077580 202712195
890234603 549616257
925094207 784909078
815504972 876870610
13506847 613079990
906985350 468256517
609829803 317870422
998054792 613587707
601725445 175565687
572488560 203270144
945878634 786207410
569077259 593861709
27873797 204899979
680466196 174863373
958165977 861966931
44585694 787044479
54619202 865045722
120300026 218525600
2859055 175118378
73050803 565473369
0 1000000000
804713938 594254833
90994703 780231046
562406927 572722395
49349156 17818947
885156603 713471285
842893138 990456290
556633220 188975390
440237170 894317676
197222844 136532303
542267710 196716534
254144857 147169548
765848865 572304570
145227021 997058835
953753031 48066373
410480766 472836901
79516479 962750329
65906503 986026973
401946089 37156086
370085497 484314221
955474009 628110965
659813814 278399413
549586207 591531345
686582089 30493056
273537507 332615329
7326140 963165708
396277338 169367697
567504994 719398361
352349192 304209952
701347465 261479702
896905119 439420548
945727314 270616561
241461944 641792396
406808056 148991199
80634523 95752380
484259602 916588947
235738281 700653618
572900170 335894354
739635059 664166429
643676751 44781152
232519732 412812695
432314314 688908404
65391660 963545995
665057554 348611380
359748633 37009509
150772556 10673855
919241237 882758178
72907625 89537989
15178731 73358069
732135917 564637118
875869663 155443634
478442716 716885370
4569722 106932419
384702461 302574270
704807632 853300975
537078449 470370660
933623223 887835257
283853548 560688962
655315525 616154650
845150021 84209369
749213710 98726557
865544208 74156432
607836500 165980750
56968079 818697185
128318362 90412551
370712361 948173474
396605471 599991583
617318900 975649989
994967312 411360593
415190924 397625187
218046022 817231998
317399354 770900139
703749540 533423611
930867536 293095447
435904253 327801471
927091879 756300618
318190123 482172539
71248920 373703265
550555854 529465322
87895452 369777154
59983763 143659811
135252487 8267783
239353366 9195887
222800699 101268939
839609280 336282282
691955753 79296607
232627915 729812678
132232616 59109461
421499524 617553210
622447778 367878969
714182451 925921606
925382607 534520703
336700471 743948981
273167917 643914481
276508760 803141173
651705793 107149606
993084147 320120712
576577001 107402324
504265055 264818388
314438566 861235801
958244535 14120465
86512557 883801144
288134857 409316349
190596487 923215642
351875120 414304601
30686526 443168724
224645409 219149636
774015016 919758690
664038213 851393350
824131734 36587414
32335542 44934450
212179717 285196571
909218537 818862021
421195990 344224212
198661754 488267018
410471276 768998557
127532811 141989667
576164949 982936170
195177483 95200933
849896046 137302748
212420481 291687492
875830510 409599416
0 1
31194480 717104149
309959911 322114758
872123217 113984959
681695348 882334314
557464200 70937718
553143058 93684055
449036367 807044493
657235682 760293224
788955868 190011983
616198582 716796620
662684283 830813021
903742093 846854808
903783791 911340239
629023694 593892043
542388720 922353523
336747155 139939308
60457395 383693871
273223972 409997968
748071398 775839707
288142968 244490874
214779935 233599746
271801431 832853545
899051796 408060389
827888952 270139634
178997152 205728225
28133083 796827681
368364647 94201684
162575860 973712191
948465245 876590211
522553215 574738500
393641757 356018363
657286247 783013589
984658557 910595516
141347923 448935375
196787169 222292766
677315083 330098019
266830363 481053716
527042375 787935751
254596145 882013769
980041430 772072900
880943550 845103258
899935999 236049703
377804102 163033790
44401163 354050301
939584496 97440953
731015552 94450465
982669880 80251989
196697586 529586530
842614055 135741432
312864858 310018835
997403044 404503966
341202871 433866993
302242540 739955459
892077024 943886505
823295196 840196733
543451366 782675371
690602509 93590119
737581418 582792374
248618192 43948751
482834111 553715751
356987427 406447344
694837592 745628501
14418632 79315205
960737754 668780321
735860145 296287371
176721361 540424766
18621746 125849055
868270344 699259620
568585238 163454427
121360105 461399245
256720590 845378585
110135460 791721000
155380822 266315628
210177046 602490263
793836506 5773929
364226436 714144038
716027724 203870020
443560683 260393874
838756416 54634037
611810921 88493039
964432198 884179818
661625556 832259781
744388179 602452899
738568470 498577182
269903761 971722699
666263968 372385755
978549965 456319372
72456549 334150199
859465245 334631126
794836682 219716813
92796007 16049164
799715669 338661310
17346339 541378447
344972053 56976847
717066699 517854106
501726660 65554053
702434061 282388325
354391519 606130535
133453814 520502366
53126447 654981350
320540278 771188037
647383131 701041315
432705847 273666234
907677030 373829058
569864392 461808092
505769190 750096568
683797100 839684359
80512794 802098178
1 0
311419299 917185605
837441105 11258752
6023589 401439677
887214977 835044405
958520981 361056493
767088335 268456076
402418900 16416140
61109581 12984735
372516100 463852409
451132936 860264364
254426309 36891970
728812959 587002520
990260314 663768062
228914815 691723031
364611958 363145594
598838527 792794023
546803459 19370448
469991299 385933098
880327812 981031684
940841585 916242977
388553419 940440296
402048597 317641196
513567476 635085133
388539073 348876649
434975694 853811264
571306212 765006862
85837433 817690521
48302266 993464339
118451591 348324116
557288441 686225775
944538216 507287440
381227053 435367252
862057005 296017426
145916436 570974330
957280417 681221071
53144388 767079969
67932789 153420419
244684589 622577528
390150845 657893395
885847768 790311899
881457538 700499146
816188185 764789841
231304091 96866043
85306000 319340480
927271511 873558394
59929039 735933669
160962712 655012025
134763082 654864453
478549631 990112998
108105627 759998321
857931570 919569065
440255543 765338666
259970181 51163802
968560418 473253131
701599366 712574810
366405983 136894821
55860855 255397381
232675888 239939511
855698765 447068704
999999999 0
215658007 43741953
378542570 353266152
253150299 14109959
310840817 286304643
470193166 239092558
98585440 673004680
377546144 914625917
31506317 11234423
109231474 133015423
397945906 515458615
36993700 591024799
478482270 484228653
663839866 595252813
320278511 991959809
463375725 145157621
314331563 714677564
189124438 688582671
296675549 982333073
639080537 44386152
29379165 273087090
103364850 880033402
606545017 295936791
16960654 734507932
137452118 584679132
886948879 69127269
136237166 616957609
958481462 653765186
19834534 398648814
144372242 404778249
727956045 224563175
926389348 407762803
475000898 99553420
112958957 765190469
785983948 893173093
233393334 134123417
255117053 640056558
50981394 272260061
367363668 102753419
336476002 233669442
520689950 193359304
944797923 85584402
1135066 108604811
474857987 85086710
960960708 324633480
343943647 117484060
263659821 47179633
847022784 936788017
688623661 21161236
48703961 826685065
925711484 151956892
956891172 160472038
698510064 635819929
863036759 955526834
463994674 321706177
646396259 407651612
29285058 568605330
849966212 65414916
711625163 227727117
184065030 373036418
67276735 197057061
336507381 821932537
151078612 154356435
196041167 416588375
532192935 101101847
45979340 673753066
588191466 454790670
381813433 534276999
1000000000 1000000000
64119270 901144331
105998034 567667054
92502786 47116873
690044797 887677997
870312031 118952398
46328924 384016595
210204502 808909842
659430842 138818139
43272896 898115414
745378758 14965728
39739868 630784151
838246996 840251126
443286438 36549643
256467453 633159236
564421533 655032933
409916405 425565552
700498245 356372044
404201106 518421997
370302780 84338868
42081643 852593780
81126737 637189586
931153090 133694226
889328892 7851520
684481321 766393724
3402331 398137297
102645977 59874158
98317207 765818935
0 999999999
650115808 245544428
358778777 364688896
984179622 318284423
823866618 258041044
143349956 389423096
594285778 517295727
797546420 216577246
421851946 224705024
744152521 696619388
585485178 433036315
249722084 57013295
8533301 251062145
4090842 381843713
408286537 638633035
253086913 921548047
103146203 929832195
609389895 8047960
18395325 868358192
846551473 793155456
206404405 529527008
129429919 223732165
23768278 734383575
68440230 510917427
546277018 816391728
683095702 489616288
736818268 990803809
471457057 108475522
113680430 860992716
972408441 801498201
887964184 42888123
667156003 114302451
30758567 77154578
170598034 443157606
714780978 4621771
878993719 301563101
115750298 596717337
157437274 479886374
106704403 227909922
29002028 940832241
818016257 409093621
574105756 109001455
835256073 970771944
444275139 741248411
736832318 500828348
126692052 438732765
755542541 336182759
327043565 218115353
257850565 216571672
54306518 340633116
242630085 81709542
445767227 609198913
188573341 143459677
37157034 608641535
30817493 953028598
136520896 395319742
629627700 589122744
690374463 853280770
74192680 337133681
518586355 816790314
381339550 47296050
631715272 45068426
999999999 999999999
542755195 682873124
970490679 407379105
99962976 447364461
652448548 794894731
746595745 580951659
895367714 119895535
933875788 662050332
192031517 373443856
686964371 510169373
555552315 73674412
320084249 448387860
849186707 262193504
437346549 26285321
507661427 169982735
703565181 465316994
66523168 959947421
33561056 786948861
677212645 307520450
464115822 388822712
640440513 870075726
720246373 932237193
439343504 407079565
448324648 197411464
233154239 913126535
429559803 680844380
506180397 717821651
20455969 153502291
97267470 926032775
501462072 621172655
524986000 425041680
79841196 808592494
108288015 370062019
626969843 655198896
99545008 459053595
250837900 467274271
717007596 539400979
528204503 340421184
614411027 565090182
471213940 282625578
513572828 661790436
840430494 93770142
65723134 843406203
874047342 851754113
296322127 218554097
376499612 895245858
713083132 139010191
989486810 560549848
17530517 507513222
61560427 976129293
331877450 92227106
310127500 312057407
958440018 49417097
969166595 115537971
865093391 945081983
877737550 657063142
123200458 156637156
159105481 395983563
224903482 937402037
633011995 434364796
921217803 682880606
677658124 945104360
335179261 473074265
699426093 828806487
90836920 585724592
992178457 972381802
926741662 917959379
781260519 726959098
118320708 876338076
60252931 60081269
108279612 307496177
712680454 468213069
291292680 114665623
971832085 333090871
22179513 407571501
788797146 276602133
324805726 557606909
551757146 951714017
359887025 131687799
501687697 637871133
282870389 521872572
94675029 725107920
486234315 594090793
481037473 55588490
827465858 539129416
942714423 603754023
507081956 60854065
42820193 104635339
460533570 918274994
999999999 1000000000
484482277 136960071
25399343 992848756
518569752 800514865
195599108 634889687
331147462 543833776
285754722 953034967
514592804 108700197
255882920 366325065
426820088 775580901
992267737 611285422
91746978 521494250
362868927 899638706
14264798 888802621
213674945 206263319
364950740 858749144
134465093 111177056
219329075 585077125
408402511 98313954
331663557 934030202
244539197 128976379
945248387 25597259
9279895 959538721
762465383 404482976
37946863 491737098
37120561 331179672
396959628 40723202
359987075 731382382
931956038 404230288
16709656 835764031
956785717 908976494
524650837 806010897
505939632 31089650
135715914 275857825
974010429 163839401
680690988 982821651
254719321 140823887
478534156 843984796
197643451 199185269
151269844 665398893
821303190 366333515
331141265 111532994
824276933 703044011
438894295 8845029
141634670 296345180
128285467 498822438
275053483 219092427
135925086 823596757
50837698 879274398
337712642 576887330
288755761 808839548
52287383 953458181
633586319 752412398
728761760 75027679
929608429 752472478
522111692 841942319
639896851 882813769
530555573 271421990
306289617 146575895
759413927 936422911
137963516 570925641
178595419 360982904
613653492 760097297
805317711 202059691
65372702 203056217
435000555 227691441
883671794 485575342
820087424 301331760
787590441 766888317
26371611 107992979
648113187 771342523
435333568 758894290
196070683 650429757
957187980 74314765
401529998 828204976
586933957 564034921
940528785 951305045
337436210 499449651
895419342 561189959
317489771 259417125
694402944 462525624
99341605 518326163
508043329 991168636
175289068 215574386
28967344 434416429
197942317 25736525
355476513 344321672
69303715 55748931
759190517 698849470
634693644 435018600
73151028 893762503
978167891 970586131
577266547 504839137
229249750 283327128
925120245 764757157
638794085 507190619
628686599 225839744
133032389 473276204
825457929 174169231
154401845 777538394
909583138 781889699
134713506 112333952
274628528 540571645
676801010 384011644
845767278 359847845
683071013 932887245
865668984 642641436
997699489 738424665
647922184 119172292
623735273 14125173
706453229 40263508
41082172 640870107
524205152 211194448
635061569 455193093
469103305 193669036
459626299 748703152
110479868 492701548
691102277 893402598
681889397 89189283
646472722 249482564
62644594 152105849
78764922 953561058
438201271 635015673
954034905 865770574
225285642 24543749
136580723 108894596
922210544 618973133
661469694 739247239
741613553 872365361
896768831 757763375
346155184 447971907
458973131 428476704
993203270 301141088
899576021 681862070
485273481 89900313
704160554 88356517
58008226 48760832
223005413 999869844
935613425 72161355
787229373 904756118
970242582 25488507
303820905 692371706
255775706 670099011
318176833 95432626
223742450 183269264
185957579 222174100
619361859 201392366
31886580 128917422
116677226 909370502
647366940 844435909
236400177 316981082
265146442 753504159
70835945 128176732
483053180 742737020
806934853 126322695
828201249 943823415
451144478 94962086
542228818 138776345
640971285 189692590
70349772 498376218
491575149 237159898
50065746 66223611
462130719 197408154
903094974 378631020
318672252 329561324
883304817 676956097
43619464 104503819
436033397 278419442
213351675 914008302
583217299 898015
93391379 558060911
305749074 971371720
359511336 252196024
323303886 519563288
423246936 403644555
658017064 310950521
656123091 974824465
35971479 434003615
23134188 648844593
992172797 134764173
56584976 146854111
488946998 142103833
37920929 841668933
517412335 105193234
68378947 105275320
496757335 204217039
6550229 526208068
244677638 201065241
100868062 232091229
487386390 7050172
626827632 92384692
179877636 669349590
20825003 343143746
830111543 512446710
615353042 643391750
7986186 785150480
334203510 843408286
603520844 112908368
886217808 520009638
162245648 100614329
831364492 927561557
551996918 262261222
178597972 267489736
500793207 83996827
771011178 594666946
669912439 979103322
409468968 619832275
533475021 169801595
457342670 457674350
729030759 228922830
207473431 105994741
445854658 934361033
107573997 140313634
708376099 26007972
94635714 16477833
249450439 82220495
79888976 829249452
348664493 718220707
493684845 757392719
340627600 454360405
331751155 454822989
462740513 215699379
600303492 517847535
691464958 49036185
595435301 102596327
734284520 592373593
82725167 893131557
704763945 993782326
727185405 103247601
79390639 14084297
125151440 903493225
817635877 93295558
373646201 5204908
323863451 692282320
753076143 909869215
446055923 382266551
777935527 620550840
199756220 511151328
662464486 361694829
468395868 335620940
108110452 259501539
420549518 264375237
551495365 723346560
711536412 622661155
598607766 57308975
234960094 932007103
736504183 368690907
20812575 428988399
753045975 451640151
331354822 801040270
785296971 277122241
520238783 910954555
958237668 888905722
516941231 842137579
532119874 585779324
192560517 203580893
983829047 128655479
98846940 582707063
53011322 95827537
17258131 552642198
482472091 506694461
640077396 304146795
461426044 405294491
424756871 869628253
204763848 277609771
699591395 574589065
988405078 262153921
468285136 750116124
637190199 15027725
94719845 927703256
612072057 124922790
265115745 253932274
116362169 18545390
722781895 858833972
817954270 900471378
614186548 909883532
345306936 98933689
339220287 126063842
573851420 742328980
983522630 256591785
300415765 468628562
961950749 85484802
931502033 487645043
65253542 437532628
530475622 762497038
602826620 988188199
675202522 64599721
605968744 102584457
998968963 858172707
444221008 725245215
581132221 537638349
3357049 302948578
850426518 861681664
962131252 480434228
370659045 486178971
871197235 966894533
830783919 706667115
345844206 186769241
350718597 661912637
504365622 109607092
742010856 426805120
553755639 340120179
381770012 226189875
111089936 806087481
925341263 257765083
81940719 157803825
380067456 869442942
516125778 792307443
355419354 129402933
155128616 504536632
223893862 751998596
801760522 922913428
493811430 295725445
442756138 939441127
292222152 59117819
995324339 142689341
264219128 666804796
43670605 386377509
959668339 514831439
975336792 317209545
113198912 793574945
170780059 942870010
106004098 991842950
98359717 963172885
214696104 64355527
134512158 297158508
379260164 154835426
347476314 876319939
674722752 110387711
32736684 453440242
336096210 309672590
451607173 540533075
663134306 301817741
663107778 92308830
160865316 656594190
458988168 6635374
218876693 127964462
309315343 422926217
721892862 968858838
970088739 233022345
738984357 892525644
143218846 712670904
274126668 803115697
594142248 833433882
708744559 481395883
685082451 615482164
900006692 970496044
560970361 102616123
681410205 250259592
77098803 343119160
117671465 613050385
664323480 28139572
128378960 470657650
317685003 40825258
822109985 952712405
469747045 709621312
306272717 479629962
972432637 173641195
728123720 236321857
783443835 872124997
445772788 584587333
58340012 746653610
114106841 514194786
859552151 168153592
171094409 674985966
896959735 892079960
942060131 70160374
948409943 327991205
33214233 66649544
274269123 540821510
323966948 917564033
429481709 935681944
314061200 548251666
607902586 997808987
920955449 930831609
843815538 561152791
567534312 515916245
616520095 789226929
282676854 737686968
120251915 362261788
730255826 9757730
441568593 908256916
159085270 146860833
987058218 71492935
95094423 814776584
1000000000 999999999
382644426 154728034
30707833 982734876
410894477 46295251
864001343 105445852
206058743 140449908
636321562 522915433
270701744 161375593
819875079 843521804
260244944 719997883
477969381 433383147
