1000
3 6
3 1
80 824
858 770
537 0
48 512
526 25
467 44
779 90
71 974
283 424
674 970
383 777
257 733
63 475
241 363
95 889
803 685
742 496
40 470
111 693
161 775
347 446
143 913
372 678
43 591
48 684
575 498
347 316
855 873
880 464
131 84
823 800
624 945
494 377
308 515
823 949
963 107
821 24
620 46
254 261
194 831
420 81
751 496
824 975
985 161
84 217
524 490
856 147
203 581
412 313
950 784
353 402
545 747
854 563
16 22
691 660
894 653
202 910
407 172
443 228
30 508
965 265
547 587
505 151
960 170
900 334
671 556
469 208
512 745
244 558
14 796
609 638
129 158
281 328
316 16
257 863
970 722
595 255
810 10
455 204
635 787
802 305
270 633
538 590
177 397
402 190
833 91
909 500
863 178
233 287
916 375
336 385
291 767
118 937
696 499
217 530
747 172
178 435
518 2
533 472
681 931
989 57
617 607
286 440
268 870
794 19
498 156
9 414
850 822
762 648
88 445
512 222
39 657
62 464
973 515
369 274
887 782
813 176
160 576
620 156
101 935
205 229
536 171
508 702
340 850
568 399
814 627
168 521
498 441
426 225
829 484
1000 497
630 232
82 516
158 701
873 173
957 602
837 947
943 96
198 330
425 800
597 827
595 205
791 427
750 295
688 310
965 474
99 850
176 772
950 870
424 231
405 152
995 160
920 983
95 994
411 832
849 226
213 987
377 15
409 317
713 682
647 147
793 34
129 786
768 509
219 602
580 107
831 282
478 690
298 182
885 689
552 478
486 683
450 683
825 662
451 202
635 677
495 40
293 930
954 883
261 442
189 194
81 945
941 187
486 796
680 785
405 403
841 963
197 867
222 539
385 380
369 169
336 139
830 97
837 585
44 445
329 899
478 767
386 525
574 763
506 105
186 38
863 552
647 625
440 915
876 989
440 345
963 151
357 978
117 455
344 830
787 67
527 274
322 817
415 555
153 659
996 810
774 509
967 214
604 500
691 941
773 73
395 284
582 86
874 332
977 848
510 817
136 890
867 3
132 968
648 366
648 774
657 313
649 618
962 173
955 735
486 111
511 757
975 552
649 327
866 672
167 581
51 152
186 533
882 914
819 608
628 558
163 126
839 801
892 516
149 657
972 133
350 194
931 125
409 277
532 406
636 787
214 308
749 506
115 920
103 513
103 847
882 165
55 704
537 125
173 93
125 840
832 172
995 377
684 411
778 800
245 788
849 25
279 200
227 816
531 413
659 236
116 200
1000 0
217 201
466 812
322 510
15 14
206 660
67 363
879 784
610 158
656 359
27 133
418 72
147 396
118 678
108 499
735 329
318 127
162 358
13 161
397 502
759 987
831 147
953 353
980 533
860 986
315 132
984 155
93 857
975 619
346 817
728 915
274 165
0 163
327 601
30 479
911 148
572 93
659 70
694 508
563 236
418 229
91 577
982 178
606 180
895 877
310 869
827 255
693 224
920 284
951 741
338 994
101 319
934 587
941 652
554 723
636 898
653 122
739 305
212 443
641 923
519 336
503 331
533 12
554 886
781 835
769 515
542 640
167 540
424 382
743 551
454 437
803 887
612 549
826 69
320 260
68 793
978 905
922 312
205 906
495 564
218 789
836 484
55 653
929 269
508 820
302 266
0 1000
111 951
852 688
396 30
160 449
894 328
0 467
575 87
633 676
243 848
921 263
393 19
214 105
466 910
169 996
299 524
816 898
226 838
113 570
441 548
430 954
563 446
80 884
768 427
318 593
314 468
381 762
150 143
587 405
302 279
151 942
742 580
598 129
777 557
0 999
815 661
377 814
299 314
469 372
708 926
836 742
980 65
567 398
832 359
63 375
158 513
294 502
442 955
72 911
323 376
841 654
190 943
678 154
617 370
566 886
798 719
395 634
49 399
762 791
638 800
813 790
958 959
690 633
624 648
747 140
570 588
337 616
209 612
425 957
308 34
168 734
181 932
825 82
513 131
364 65
904 846
456 376
434 880
307 200
546 313
10 578
434 569
752 421
16 76
491 137
669 701
231 594
282 776
843 578
866 169
463 407
999 999
959 388
802 32
584 792
732 851
477 769
946 997
914 584
670 725
122 823
639 988
920 869
155 579
89 655
993 67
729 822
14 123
792 995
856 519
681 200
171 904
259 249
570 717
157 154
915 766
750 96
586 284
569 264
589 755
705 743
737 531
348 674
575 464
195 523
288 912
729 855
951 915
178 692
69 311
610 341
880 673
623 275
548 926
27 85
536 513
916 697
752 776
224 485
942 317
601 490
929 786
244 12
722 835
490 737
864 779
433 333
330 613
39 35
566 742
539 56
88 324
727 737
110 283
443 410
911 74
620 745
174 290
656 830
570 337
30 354
176 945
714 273
313 224
983 686
115 869
771 940
647 823
999 0
43 951
785 359
966 946
645 395
938 648
757 253
77 634
391 809
668 28
793 612
854 298
566 949
486 327
320 87
50 816
436 623
328 340
312 931
973 418
176 918
583 996
632 365
441 215
0 993
286 798
902 412
845 374
221 52
952 415
483 310
243 849
41 786
656 44
527 172
693 940
13 934
376 973
875 472
793 386
135 555
771 34
152 451
358 992
81 469
939 945
620 89
522 713
785 747
476 975
430 125
739 803
365 403
517 969
626 602
262 728
736 480
820 281
426 767
875 616
970 700
648 341
425 994
525 171
659 819
547 821
139 899
263 79
825 400
503 326
933 868
927 569
616 31
680 826
672 84
101 856
933 457
236 938
620 992
963 363
835 439
702 775
205 332
542 737
77 647
743 442
568 625
99 351
82 152
407 494
189 533
593 115
298 577
125 889
681 540
954 373
809 819
932 808
80 170
968 491
46 739
86 594
818 919
318 179
665 555
440 872
708 845
179 429
529 250
590 750
563 723
553 886
0 1
150 692
975 870
982 728
348 775
327 517
319 815
801 487
216 927
346 783
86 570
1000 1000
734 593
179 403
378 278
98 827
566 742
746 744
776 346
730 960
883 771
331 586
577 848
635 511
596 915
466 357
437 96
114 313
672 133
121 919
224 862
145 918
818 710
503 931
585 662
681 870
585 312
309 777
29 652
91 805
281 878
729 504
415 336
559 213
809 727
881 982
872 191
274 414
264 759
6 555
970 484
156 724
487 203
49 605
609 593
354 757
372 326
538 939
653 725
45 374
668 35
572 391
212 176
304 737
259 376
83 250
711 214
518 341
463 787
508 618
500 812
87 675
37 50
772 916
72 158
185 821
91 796
461 808
630 948
18 81
489 167
600 24
575 748
925 415
442 361
864 927
734 172
974 183
581 11
745 991
3 101
322 571
483 819
204 626
956 808
149 259
682 403
230 170
432 294
228 931
918 774
622 344
870 941
70 973
458 523
536 864
837 219
524 222
605 349
711 620
812 54
49 357
517 225
255 552
594 328
944 501
608 996
359 922
783 245
22 516
467 58
162 192
516 612
332 726
43 264
328 633
109 394
239 996
887 554
116 238
73 649
711 995
442 232
304 401
655 969
421 740
934 989
654 321
714 300
620 406
252 181
421 33
19 151
514 364
891 452
164 967
263 577
233 914
867 355
27 305
880 957
565 31
162 53
803 940
579 645
757 255
855 886
397 46
354 462
333 258
892 65
157 994
524 900
595 778
389 344
826 491
8 350
197 447
949 377
249 550
846 78
481 582
812 650
364 589
625 835
129 930
232 61
960 390
273 19
308 687
384 251
530 809
576 60
810 406
270 698
474 755
411 518
357 435
715 592
405 390
263 754
446 523
882 358
734 545
824 623
679 292
968 60
721 665
746 155
939 322
999 1000
700 294
633 465
81 238
938 783
672 950
1000 999
565 0
380 21
52 978
875 615
126 34
361 469
55 439
121 70
68 889
298 852
619 868
1000 288
703 456
505 876
37 686
932 697
629 583
835 144
576 981
1 0
20 589
724 127
818 618
437 268
770 301
502 243
171 267
917 479
2 905
748 95
646 687
356 805
581 304
308 279
599 42
351 929
57 358
448 356
270 565
607 681
48 8
472 939
596 472
475 907
264 0
193 125
98 704
745 744
556 384
71 265
939 922
591 458
102 183
304 535
705 149
975 227
400 942
76 382
883 371
233 956
257 806
945 124
97 711
41 118
715 964
727 534
612 509
709 645
829 570
17 638
704 714
588 907
120 15
418 250
677 303
647 414
747 655
332 178
738 755
702 466
803 349
96 229
835 570
777 162
358 375
511 684
524 122
630 443
399 721
150 503
222 233
899 826
849 15
885 439
402 588
539 746
124 970
450 174
469 871
404 40
89 227
77 860
797 239
593 693
724 680
752 250
836 211
604 799
730 274
311 634
867 886
369 340
625 790
995 63
363 12
832 803
290 802
123 505
530 172
317 738
690 891
246 52
428 411
715 23
909 501
931 637
37 1000
477 683
902 646
37 541
59 39
407 556
432 213
525 670
768 830
601 305
645 769
906 390
696 480
191 837
978 770
111 715
781 402
61 819
341 380
334 964
682 891
395 660
