9
7 3
23148 22514
14012 16372
18206 8554
18020 4241
9134 11748
14996 244
33644 9772
7 4
1300 650
1300 0
0 1300
650 1300
1300 1950
1300 2600
1950 1300
5 2
1 1
2 2
3 3
6 6
7 8
7 2
6550 8005
4910 7700
81 6504
5180 7864
7673 4840
2632 7977
7770 4984
7 6
9133 46420
14204 43365
27619 12239
13489 58166
22976 6788
34893 37532
9566 24524
3 2
3 3
3 6
6 9
7 6
10059 43455
44438 33629
47374 23000
33253 58926
53294 51014
23281 1945
25687 18359
7 3
53692 55939
50127 33135
953 5462
44201 26571
24258 16743
8035 17457
24262 36518
4 2
649 8413
4633 3580
7400 8757
7251 8590
