60
2
10
11
3
001
100
010
4
1110
1100
1100
1000
1
0
7
0000000
0100000
0000000
0100000
0001100
1000000
0000000
8
00000000
00000000
01000000
01000000
00100000
10111100
10000000
10000000
2
01
00
8
01000000
00000000
01000000
10000000
00100000
10000000
10000110
00001000
4
0000
0000
0000
0000
1
1
2
10
01
4
1000
0100
0010
0011
7
1000000
0100000
0010000
0001000
0000100
1110110
1011001
8
10000000
01000000
00100000
00010000
01001000
10110100
00001010
11101011
7
1000000
0000010
0111100
1101001
0010000
0100000
0001000
7
0101100
1001000
0100000
0110000
0011001
1111010
1000000
5
00001
10100
00110
10000
01000
4
0110
1000
0100
0011
8
11011100
11010000
10000000
00100000
01000000
11110110
10010101
00011000
6
010000
000100
100001
101000
110010
100000
8
10000000
01100000
11010000
01000000
01001000
00000100
00000001
10111110
5
11010
01100
10000
01000
00001
5
00010
01000
10000
10100
11011
7
0100000
0001000
1110110
1000000
0110000
1011100
1111011
8
01100000
01111000
01000000
01000100
00000101
10010000
11110010
10000000
8
01000000
11101100
10000000
00000110
00001000
00010000
00111001
00100000
8
11110100
10010000
00100010
01000000
10000000
00101001
00100000
01101000
2
01
10
4
0001
0110
0100
1000
7
0000001
0000010
1000100
0001000
0010000
0100000
1000000
8
10111011
00100010
01011100
10101000
00010000
10100000
01000000
10000000
8
01000000
00110000
11100111
01000000
10000000
00010000
10101110
10111000
8
11101000
11110110
01000000
10000000
10100000
01110000
01111100
00111011
8
01100000
00010100
00010000
10000000
01000000
10110111
10100110
00101000
8
10000000
01111000
10110000
00000011
01000000
01100000
11011110
11101100
8
11000100
01000000
10011000
01101010
00000000
10100000
00010000
01100111
8
00100000
10000000
00001000
10101001
10101000
00000000
00010000
11101100
8
01000000
00100000
10000000
10111000
00001000
00000010
10110000
01000000
8
01000000
10101000
10011111
00001010
01110000
10000000
01100000
11100100
8
01000000
00000000
10000000
10000000
10000000
10111111
10111100
00000010
8
10100000
00100000
00000010
11001101
11000100
10000000
10010000
00000000
8
10000000
00000000
00001000
01100000
01100000
10000000
11011100
01000000
8
10100000
10000000
00000000
01000000
11011100
11010000
00111000
00010101
8
10000000
01000000
00010000
00100000
00010100
01110111
10000000
00110010
8
00000001
01010000
00010100
10000000
01000000
00100000
10101000
10000000
8
01100100
10111000
00000011
11001000
00010000
10100000
10000000
01000000
8
00001101
10000000
00000100
00001000
00100000
01000000
10001110
10110000
8
11000100
01000000
10000000
00000000
00000000
01100000
10001111
01111000
8
10000000
01000000
10000000
11101000
01100000
10000010
00010000
11101101
8
00010000
10100100
10000000
01000000
01111110
01101000
01010001
01100000
8
01000000
00011000
10000000
10000000
00010000
01000000
00000011
01000000
8
11010100
00011000
10000000
10000001
10000000
10110000
11110100
00100000
8
11101101
00000100
00000110
01000000
10010000
10000000
01100000
01111000
8
01000000
00100000
10110000
01000000
00000010
10000000
10111000
01011000
8
11110011
00111000
01000000
11100010
00000000
10000000
01110000
10101100
8
00100000
01001100
00100010
00010000
01000000
10000000
00111011
10111000
8
10001100
11011000
10100011
01000000
00100000
10000000
00000000
11010000
8
10101000
10000011
00100000
10000000
01000000
00100000
11110100
11011010
8
01000000
01000000
11101000
10000110
11111011
00100000
10000000
11010000
8
10111000
01000000
10000000
00100000
01010100
00110000
00000010
00100000
