100
402 850 991
928 841 298
2 3 5
4 5 4
4 5 2
760 242 519
512 512 1
739 210 196
973 969 970
461 196 34
748 786 559
406 469 912
909 801 92
137 992 100
422 59 35
902 325 975
792 410 541
749 815 373
5 5 5
955 864 984
330 798 42
473 126 42
678 916 758
1 2 1
1 1 5
71 179 33
89 306 62
512 512 2
818 352 313
103 143 88
662 709 814
110 238 60
314 648 496
130 215 129
961 797 592
513 513 256
403 89 9
55 27 10
590 325 242
907 551 795
3 3 2
62 627 14
50 428 41
1 1 1000
336 658 779
971 908 921
2 1 1
5 4 2
926 615 974
92 465 60
665 63 61
1000 1000 1
5 2 4
2 2 2
3 3 1
1 1 1
45 56 35
2 5 1
589 557 32
913 201 51
513 513 2
330 766 896
3 4 2
988 345 290
85 722 364
513 513 512
4 5 2
213 539 140
4 2 1
244 119 72
871 44 811
512 512 257
212 128 68
7 8 5
227 976 823
355 429 563
957 70 126
815 158 249
512 512 513
241 507 497
791 189 5
461 101 62
2 4 4
512 402 950
5 4 4
905 241 167
112 986 38
4 1 1
678 786 281
297 185 415
5 2 1
513 513 1
512 512 256
997 902 993
402 397 7
4 3 5
366 422 288
893 232 171
5 4 5
513 513 257
