100
1 0
16562
5 7
73991
53622
18423
13943
52459
3 5
3 4
2 5
1 2
1 3
2 3
1 5
7 19
74758
39431
26390
69490
65958
43745
54375
1 4
5 6
3 5
5 7
1 2
3 6
2 4
4 6
3 4
2 6
1 5
2 3
4 5
1 3
3 7
4 7
1 7
2 5
1 6
8 16
28012
15435
21080
55182
99160
77285
58359
42064
1 6
4 5
3 6
5 7
1 2
2 7
3 4
3 5
7 8
1 3
4 7
1 5
5 6
2 5
5 8
1 7
4 4
68623
36642
64818
35068
1 3
1 4
2 4
1 2
4 3
35700
54715
25993
56889
2 4
1 2
2 3
1 0
70842
5 6
23503
83505
21148
89403
52817
1 3
1 4
2 3
1 2
3 5
2 4
3 2
68513
73624
87986
1 3
1 2
6 13
87643
68712
13781
65771
40645
49288
2 4
1 5
3 4
4 5
3 5
2 5
1 2
1 6
2 3
3 6
1 3
2 6
5 6
4 3
96302
83889
82352
88880
1 2
2 3
3 4
6 6
10001
10002
10003
10004
10005
10006
1 2
2 3
1 4
4 5
3 5
3 6
4 4
49187
12982
64158
43663
1 3
2 3
3 4
1 2
8 16
79139
15734
35035
59414
76955
30459
56788
19079
1 5
1 2
1 4
4 6
1 3
7 8
4 8
1 6
3 6
2 3
5 7
4 7
2 8
3 7
2 6
3 4
1 0
64759
7 18
34783
20891
76495
77101
71913
39997
93694
1 4
3 7
4 5
1 7
4 6
1 5
1 3
1 2
2 3
5 7
1 6
4 7
3 5
2 4
3 6
5 6
2 6
3 4
7 19
27595
69212
92234
68992
92266
26851
14273
4 5
2 5
5 7
1 2
4 6
1 7
3 7
6 7
1 6
3 5
1 4
3 6
3 4
2 3
5 6
4 7
2 6
1 3
2 4
8 10
73902
56079
60880
13568
46687
63860
99722
79098
1 5
2 8
1 7
3 6
1 2
1 4
3 8
2 4
3 5
2 3
1 0
11043
3 2
45702
51081
29142
2 3
1 2
7 13
27440
13733
71383
48651
95618
64680
53775
2 3
1 6
4 7
3 7
1 3
1 5
4 5
6 7
1 2
3 6
2 4
2 6
1 7
3 2
91125
64959
58730
2 3
1 2
7 16
57052
27984
91804
18664
39094
24608
30393
1 5
4 5
5 7
2 5
2 4
4 7
3 4
1 7
1 4
4 6
2 3
2 6
1 2
3 5
3 6
1 3
4 4
61511
81455
65713
17049
2 4
1 2
1 3
1 4
5 7
90016
59830
58865
84447
35286
1 5
3 5
1 2
2 4
1 4
2 3
1 3
8 13
95410
13438
15867
31829
70879
43024
39393
58767
2 5
5 7
1 3
2 7
7 8
1 7
3 4
1 4
4 6
1 2
2 6
3 5
5 6
3 2
28665
29985
19629
2 3
1 2
5 5
36642
28444
50012
29651
10953
1 2
1 4
2 3
2 5
4 5
5 9
12912
59741
56947
15583
82612
1 2
3 5
1 5
1 4
2 4
1 3
4 5
2 3
2 5
6 10
94534
77158
47124
31101
54878
48470
3 5
1 6
3 4
1 4
3 6
2 6
1 2
2 3
2 4
1 5
4 5
10946
39654
87042
63424
1 4
2 3
1 2
2 4
1 3
5 6
73341
94522
81618
33140
81803
2 5
1 4
3 4
1 3
2 3
1 2
3 2
94669
67942
65450
1 2
2 3
7 20
27015
84895
30037
36355
66756
26888
23274
3 5
2 3
4 5
3 6
2 5
1 7
1 4
2 4
1 2
1 3
3 7
1 6
1 5
3 4
5 6
2 6
4 7
5 7
2 7
4 6
8 12
69967
92263
25163
16655
56124
24885
92105
46227
2 3
3 7
4 8
2 5
1 2
1 5
6 8
2 8
2 6
3 4
1 8
6 7
1 0
39019
8 17
37809
56559
99154
60070
91214
40461
70040
74986
2 5
5 6
7 8
1 2
5 7
1 8
4 5
4 8
1 3
3 6
1 4
5 8
6 7
6 8
4 6
1 7
3 7
8 9
42274
17776
68464
56920
63113
59996
22762
36692
1 8
1 2
4 7
2 7
2 8
2 5
3 4
1 6
1 3
6 7
74652
56144
16294
91848
17518
31259
2 5
4 6
1 4
1 2
1 3
3 4
1 6
5 8
87818
48427
66254
15150
49449
2 5
1 3
1 2
2 4
1 5
3 4
2 3
1 4
1 0
36532
7 17
94596
71380
31188
52162
69949
80152
40791
3 6
4 5
2 6
2 7
3 4
5 6
1 6
3 7
1 4
1 2
1 7
4 6
1 3
3 5
2 3
1 5
6 7
5 7
46691
45962
92322
75695
23441
1 5
3 5
3 4
1 4
1 2
1 3
4 5
2 1
36432
14187
1 2
5 9
55964
78686
78467
85674
26668
2 5
2 4
1 2
3 4
4 5
1 3
2 3
3 5
1 4
7 12
17797
17923
60563
66527
76588
99966
20244
2 6
1 7
4 5
6 7
4 6
2 4
1 5
1 4
1 2
1 3
3 5
5 7
5 8
49837
81668
58440
75387
64610
1 4
4 5
3 5
2 4
1 5
2 5
2 3
1 2
5 6
36059
29890
25153
92303
76741
1 3
3 5
2 4
2 3
1 2
4 5
6 6
44220
71061
16828
81641
74254
80969
3 4
2 3
4 5
4 6
1 2
2 4
5 4
10001
10002
10003
10004
10005
1 4
1 3
3 5
2 5
8 24
54301
13758
10670
96342
61733
84032
39669
96899
1 8
2 6
2 5
1 4
4 7
5 8
1 6
1 5
1 7
7 8
6 7
2 3
6 8
1 2
3 4
4 8
2 8
3 5
1 3
4 6
5 7
3 7
3 6
4 5
1 0
49131
7 7
12530
86383
19328
84914
22465
38114
72691
5 7
1 2
2 4
1 6
2 5
1 3
1 7
4 3
96024
49775
43933
30028
1 3
1 4
1 2
6 7
10001
10002
10003
10004
10005
10006
1 2
2 3
1 4
4 5
3 5
3 6
2 6
1 0
34336
2 1
81267
96110
1 2
7 18
53288
71177
69340
76779
68814
76789
69980
1 4
5 6
1 7
2 3
5 7
1 3
2 6
3 6
2 5
4 7
3 5
1 2
6 7
1 6
3 7
2 4
4 5
3 4
2 1
76872
88695
1 2
6 6
10001
10002
10003
10004
10005
10006
1 2
1 6
2 3
2 4
3 5
4 5
6 7
36280
57305
23816
86009
37973
97638
5 6
3 6
2 4
3 4
2 5
1 3
1 2
2 1
92654
93164
1 2
2 1
88835
65848
1 2
8 15
60535
54045
41303
47682
98239
54574
13846
42016
3 7
1 6
1 7
6 7
2 7
5 6
7 8
1 2
3 6
3 4
2 5
2 4
1 5
2 3
2 8
6 5
10001
10002
10003
10004
10005
10006
1 5
1 2
2 3
2 6
4 6
5 6
10001
10002
10003
10004
10005
1 2
2 5
3 5
1 3
1 4
2 4
8 14
45357
96017
40913
92468
21260
97924
62945
52393
5 7
1 6
6 7
1 2
5 8
2 7
2 4
2 5
1 4
3 7
1 8
7 8
2 3
3 8
6 13
27850
66940
12832
39335
67750
69615
1 2
1 4
3 5
3 4
2 4
2 5
2 3
4 6
5 6
1 6
4 5
1 3
2 6
3 2
60066
65145
85222
1 3
1 2
3 2
16232
69163
24837
2 3
1 2
8 10
82292
59080
17652
44772
90564
27629
28131
71497
2 8
3 4
2 3
1 2
3 5
5 6
3 8
3 7
4 5
2 6
1 0
10001
7 13
93531
52563
55188
29998
91046
18371
62050
1 5
4 5
2 4
1 6
1 4
2 7
2 5
1 3
2 6
1 2
3 5
3 7
3 4
8 15
24094
62253
49230
83019
78463
72396
18467
26780
4 8
3 4
1 4
7 8
5 6
6 7
4 7
3 6
1 2
2 5
2 3
3 8
1 6
6 8
2 4
8 28
10001
10002
10003
10004
10005
10006
10007
10008
1 2
1 3
1 4
1 5
1 6
1 7
1 8
2 3
2 4
2 5
2 6
2 7
2 8
3 4
3 5
3 6
3 7
3 8
4 5
4 6
4 7
4 8
5 6
5 7
5 8
6 7
6 8
7 8
7 12
52355
48395
66342
28997
48619
60323
55788
2 6
2 7
1 3
4 5
3 4
3 7
1 6
4 6
5 6
3 5
6 7
1 2
3 2
19257
37024
37547
1 3
1 2
5 4
97301
64442
91050
87660
11308
1 2
2 5
3 4
1 3
7 6
16987
11965
39021
10178
22016
80015
68448
1 2
4 6
1 3
4 7
4 5
3 4
2 1
10001
10002
1 2
6 9
84149
18413
92315
98775
34050
26350
1 4
5 6
1 5
1 6
1 3
3 5
3 6
2 3
1 2
5 8
28829
85677
56174
81038
86135
3 5
1 4
2 4
1 3
1 2
2 5
3 4
1 5
5 5
64193
50990
12012
16974
31768
3 4
1 3
2 5
1 2
1 5
8 9
10001
10002
10003
10004
10005
10006
10007
10008
1 3
3 5
5 7
1 7
2 4
4 6
6 8
2 8
3 4
5 6
91548
93653
59632
37259
18447
3 4
1 2
3 5
1 4
1 3
2 3
6 10
97056
64961
82360
42827
77312
51783
2 3
3 6
4 5
1 6
1 5
4 6
1 2
3 4
2 6
3 5
3 2
66173
30731
61005
1 2
2 3
8 13
10001
10002
10003
10004
10005
10006
10007
10008
1 3
1 5
1 7
3 5
3 7
5 7
2 4
2 6
2 8
4 6
4 8
6 8
3 4
5 8
38944
21934
88893
42812
63036
3 5
2 4
3 4
1 3
1 2
2 3
1 5
2 5
2 1
50727
56964
1 2
4 3
10001
10002
10003
10004
1 2
1 3
2 4
4 4
10001
10002
10003
10004
1 2
1 3
2 4
3 4
8 10
12018
18731
79472
90702
88751
15219
62690
79230
2 6
4 7
2 8
1 2
2 3
6 7
2 5
1 6
6 8
2 4
5 4
36642
28444
50012
29651
10953
1 4
2 3
2 5
4 5
7 16
26360
87879
32511
93961
25910
29466
47562
4 6
2 3
2 6
1 4
3 6
4 5
1 7
3 4
4 7
1 5
2 5
1 6
1 3
1 2
3 5
5 6
7 16
31152
28865
88341
45280
93682
51613
98393
6 7
2 6
1 7
1 3
2 7
2 3
4 5
3 4
5 6
2 5
2 4
3 7
1 6
1 2
4 7
1 4
7 17
98122
62927
24796
28457
94233
49629
80690
1 2
2 7
2 4
6 7
3 6
2 5
4 7
2 6
4 5
3 5
2 3
1 7
1 4
3 4
5 6
1 5
3 7
3 2
10001
20000
10000
1 2
2 3
5 8
94979
15035
19752
79101
42410
1 2
1 5
3 5
3 4
4 5
1 3
2 4
1 4
3 2
43059
22737
74790
2 3
1 2
