100
7 6
20130
64138
57982
52452
19396
50390
98896
3 5
1 2
5 6
1 7
1 3
2 4
8 7
62735
30339
96015
38173
85235
96576
59597
38400
4 7
4 6
1 2
4 5
4 8
1 4
1 3
5 7
79842
25395
20844
57915
18365
3 5
4 5
1 2
1 3
1 5
3 4
2 4
5 6
15113
86858
26836
76315
99052
3 4
1 5
2 5
1 2
1 3
4 5
6 7
10001
10002
10003
10004
10005
10006
1 2
2 3
1 4
4 5
3 5
3 6
2 6
1 0
40178
8 8
54314
71148
14517
16225
67441
97601
48607
16487
2 6
1 3
5 7
3 5
5 6
1 4
1 8
1 2
6 8
22159
65131
72285
22059
57698
43071
5 6
3 5
1 3
4 5
1 6
2 5
1 2
1 4
3 2
21734
66416
65245
1 2
1 3
2 1
59428
35824
1 2
4 3
90089
33914
74916
25518
2 3
1 2
2 4
8 28
10001
10002
10003
10004
10005
10006
10007
10008
1 2
1 3
1 4
1 5
1 6
1 7
1 8
2 3
2 4
2 5
2 6
2 7
2 8
3 4
3 5
3 6
3 7
3 8
4 5
4 6
4 7
4 8
5 6
5 7
5 8
6 7
6 8
7 8
6 11
57975
36588
50677
56915
74152
35791
1 3
2 6
1 6
3 6
2 5
4 5
3 4
3 5
1 4
1 2
5 6
1 0
86621
8 22
43044
89643
89336
11419
57828
85488
35574
58189
1 6
2 8
3 6
2 3
5 8
1 3
2 6
3 4
4 8
7 8
6 8
2 4
1 5
6 7
5 6
5 7
3 7
4 5
4 6
1 2
3 5
1 7
2 1
85483
81235
1 2
6 7
36030
49046
94117
22252
80387
28268
5 6
2 3
3 6
1 4
1 2
2 4
3 5
4 3
64238
15175
85631
71923
1 4
1 3
1 2
1 0
47062
4 5
50031
55097
70145
33726
1 4
2 4
3 4
1 2
1 3
5 7
55828
40987
15333
65958
11477
1 2
2 5
2 4
4 5
1 3
3 4
1 5
4 4
82474
79900
60375
12425
2 4
1 2
1 3
1 4
5 6
10001
10002
10003
10004
10005
1 2
2 5
3 5
1 3
1 4
2 4
1 0
44494
4 4
87369
81273
63868
58773
2 3
3 4
1 4
1 2
8 7
53320
16571
46551
89719
72266
10301
35509
75625
2 5
2 8
3 7
1 2
3 6
2 3
3 4
1 0
44352
1 0
10001
1 0
41041
7 17
21345
79593
57962
24716
97321
78941
63316
3 7
2 7
2 5
4 5
1 3
6 7
5 6
3 4
5 7
2 4
2 6
4 6
1 6
3 6
3 5
1 2
1 7
5 6
80342
91844
26269
78215
33448
1 5
3 4
1 3
1 2
2 5
2 4
3 2
37498
21454
10152
1 2
2 3
1 0
48710
2 1
74484
43770
1 2
7 19
11882
17723
64235
89368
88699
99248
90789
2 4
3 6
2 7
1 2
2 3
2 6
3 4
3 7
6 7
4 7
2 5
5 6
4 6
1 3
1 4
4 5
5 7
3 5
1 6
8 14
16427
12740
70904
61240
86935
72817
40351
79272
5 6
2 8
4 8
1 2
4 6
3 6
4 5
1 3
6 7
1 4
6 8
1 5
1 7
4 7
2 1
11958
19191
1 2
5 6
61858
52472
11832
38407
78225
1 4
1 3
1 2
2 5
3 5
3 4
7 9
58530
81546
83006
19801
88687
56508
67533
1 3
4 5
1 7
3 7
5 6
2 6
2 3
1 2
2 4
5 4
10001
10002
10003
10004
10005
1 4
1 3
3 5
2 5
7 9
36619
77548
42108
44734
31863
35829
26007
1 5
1 2
1 7
2 3
2 7
1 3
2 4
3 6
3 4
3 2
99601
93472
75463
1 3
1 2
8 22
99279
44974
47943
90384
53284
57134
47702
87880
4 8
6 7
1 5
1 7
3 7
2 4
2 8
1 2
4 5
7 8
2 3
3 6
3 4
5 6
1 4
1 6
5 8
1 3
4 7
4 6
6 8
1 8
4 4
55438
99293
17201
11417
3 4
2 4
1 2
1 3
6 6
10001
10002
10003
10004
10005
10006
1 2
2 3
1 4
4 5
3 5
3 6
3 2
88742
27900
68066
1 2
1 3
7 8
95517
60046
43083
80234
37100
27175
34544
1 6
1 2
3 4
1 5
4 7
1 3
3 7
2 6
3 2
66110
67129
51869
2 3
1 2
4 3
10001
10002
10003
10004
1 2
1 3
2 4
8 9
61533
45774
13820
34926
89481
46180
31888
90321
3 5
2 8
1 3
1 6
2 4
1 2
7 8
5 7
3 8
5 8
90368
23129
55214
26318
53912
1 5
4 5
1 3
2 3
1 2
1 4
2 5
2 4
2 1
10001
10002
1 2
8 13
10001
10002
10003
10004
10005
10006
10007
10008
1 3
1 5
1 7
3 5
3 7
5 7
2 4
2 6
2 8
4 6
4 8
6 8
3 4
6 14
60868
86244
38728
25194
95327
24855
1 5
5 6
3 5
3 4
2 4
2 5
1 2
3 6
2 3
2 6
1 4
4 6
1 6
1 3
8 13
65289
25388
34127
93381
57251
53290
62468
77591
2 6
3 7
4 8
3 6
2 3
2 5
1 4
1 2
1 5
3 4
1 8
2 8
6 8
5 4
36642
28444
50012
29651
10953
1 4
2 3
2 5
4 5
3 2
73582
39113
11295
1 2
1 3
1 0
85610
2 1
94956
38712
1 2
8 13
28961
20494
54339
61071
36172
29192
99431
92030
7 8
2 4
2 7
3 4
3 7
2 3
4 6
4 7
4 8
1 3
1 2
2 6
4 5
6 10
62954
42212
40538
22703
14211
12127
3 6
1 6
1 3
1 2
3 4
2 6
2 4
4 5
1 5
4 6
8 9
10001
10002
10003
10004
10005
10006
10007
10008
1 3
3 5
5 7
1 7
2 4
4 6
6 8
2 8
3 4
2 1
80804
64548
1 2
1 0
96962
5 8
56300
63720
10816
12353
22614
3 4
2 3
1 3
1 5
2 4
4 5
1 4
1 2
8 26
16342
86459
49126
34257
91059
62505
13606
18048
1 3
5 6
2 4
1 7
4 6
7 8
3 8
3 4
3 5
4 5
2 5
1 2
3 7
2 7
1 5
6 7
2 3
3 6
5 8
2 6
4 8
6 8
2 8
4 7
5 7
1 6
7 9
49801
21017
37526
29951
17672
49487
49405
1 3
2 7
1 6
1 5
1 4
5 6
3 4
1 2
4 6
5 7
85999
46034
51989
97018
21376
2 5
1 5
3 4
4 5
1 2
1 4
1 3
6 8
88476
76852
69086
64895
10561
31424
1 4
2 3
3 4
3 6
4 6
4 5
1 2
1 5
7 11
18250
15227
33508
51333
91813
60608
68509
5 7
1 3
1 2
5 6
3 5
2 5
2 4
2 7
3 6
4 7
1 4
3 2
13427
45468
86019
1 2
2 3
6 10
64650
37747
88915
11683
50689
26066
2 3
3 5
4 6
1 6
2 5
2 6
3 6
1 2
3 4
4 5
6 6
35897
93753
17079
88550
63825
17895
3 4
2 3
4 6
1 2
5 6
4 5
2 1
53843
95088
1 2
2 1
70565
51113
1 2
8 19
30334
28850
97508
90994
64600
12585
58841
51054
3 7
3 6
1 3
2 3
5 7
3 4
5 8
2 6
1 2
1 6
4 7
1 4
2 4
5 6
4 5
2 5
4 8
6 7
3 8
7 10
72954
78863
63692
78329
67765
57016
46972
1 3
4 6
3 4
3 5
6 7
1 2
1 7
2 7
3 7
1 5
6 5
10001
10002
10003
10004
10005
10006
1 5
1 2
2 3
2 6
4 6
6 9
70905
90346
19319
22122
60748
90561
4 5
2 5
4 6
3 5
2 6
2 3
3 4
5 6
1 2
6 7
53491
54919
17141
73501
57732
40406
1 2
2 4
2 5
4 6
1 5
2 3
2 6
5 6
45890
50945
78566
18391
64431
3 4
2 5
2 4
1 2
1 3
4 5
2 1
32528
71583
1 2
5 8
37686
17710
47500
48555
30287
1 4
3 5
1 5
1 2
2 5
1 3
2 4
2 3
3 2
10001
20000
10000
1 2
2 3
6 6
10001
10002
10003
10004
10005
10006
1 2
1 6
2 3
2 4
3 5
4 5
4 5
43887
78717
55657
97236
1 4
2 3
3 4
1 2
1 3
6 8
70695
20421
75760
72595
79699
42133
1 3
3 5
1 5
3 6
2 6
1 4
1 2
4 6
2 1
86286
76102
1 2
4 3
68214
23549
13486
17412
3 4
1 3
1 2
5 5
36642
28444
50012
29651
10953
1 2
1 4
2 3
2 5
4 5
4 3
40840
61371
79472
11125
3 4
2 3
1 2
3 2
27760
86401
18849
1 2
1 3
1 0
65910
4 4
10001
10002
10003
10004
1 2
1 3
2 4
3 4
5 7
31640
60504
91842
14493
94999
1 3
1 2
1 5
3 5
2 5
1 4
2 4
5 6
89675
82825
22413
33119
11381
2 4
1 3
1 2
3 5
4 5
3 4
2 1
92862
11016
1 2
1 0
55559
4 4
89186
63950
13571
20084
1 3
1 4
2 3
1 2
2 1
51320
60795
1 2
