100
8
8031 4868 3717 2327 5895 1851 3848 7728
8
9378 747 8215 5776 8677 5876 5947 7545
10
5734 982 5280 3973 1400 7941 2805 1292 2616 2940
8
7462 639 3688 3909 2585 2612 3123 5076
8
162 248 955 911 904 792 437 249
9
111 274 423 425 435 448 611 692 773
8
5761401 1994089 6466686 1449033 9426044 225665 6726976 9245024
10
427549812 823930735 938394854 358256965 977311281 854569871 639888048 927417381 672243422 348639539
8
9964860 792255 5279170 7960366 3063521 6599598 7619222 7118881
4
3343176 7318434 6613443 5454078
9
774696192 696889358 79226989 970887130 853578593 467964379 566537485 878408984 854466305
3
701763379 390854449 593978069
9
4162 3662 7561 3748 379 760 331 449 7492
4
335 970 446 348
10
569116658 607991546 280942250 528180532 291648096 183658620 447372616 144740205 895467458 488357500
9
8359 1593 158 5500 6268 161 3645 99 5680
5
243561893 160569576 901814868 22242950 705783036
9
8920 1322 260 1497 2456 8872 3676 6156 4638
3
799987765 887423799 407630934
4
740915054 704257866 138908172 696581080
4
622215225 354199187 462246906 89216756
10
302709248 837108717 523282558 863853493 451751264 396484658 468975002 489315809 597742225 244071061
6
813397712 813944089 98738310 110575688 431649011 928115927
10
128607613 232955266 201419453 904618296 260049780 406643476 769285921 140832519 118719621 634872183
9
8762200 7839973 533033 1182894 4557595 4082637 2817194 2117499 3959369
6
873062541 23537368 799213468 58600258 162330768 793806722
10
9853 276 9703 1465 4592 5603 4794 8333 363 7590
4
662072898 233409540 720733796 954064180
4
36058180 30771562 681745421 594728642
10
3038 6218 9720 410 132 6162 5735 1360 2173 7913
10
221851033 17447293 152570855 2073932 678129354 958730501 86799512 780334741 693351601 874153184
8
7997 66 8109 5357 147 7126 4054 9494
7
780 750 549 130 419 684 752
10
154148628 187250588 828873799 705416300 204107186 940618823 759615781 349477544 277437069 47086577
4
643 269 310 816
10
7165 2207 6715 5427 5963 7147 7542 120 163 4423
5
843 344 72 198 356
10
9409 8252 1109 2516 1783 3955 9602 8639 4434 4498
8
8514 2491 7378 3519 4190 1483 7224 7535
6
503 341 268 279 366 983
9
791 677 461 142 49 140 431 569 685
3
1 2 3
3
326211314 17437365 896485436
9
9742 2075 9693 8638 5032 8256 5590 210 2945
9
65077859 616675499 71484329 115029789 429698740 663611413 974561194 590818786 291741718
5
434269435 908276486 77348706 465604083 645119354
4
557 279 350 817
5
100 492 308 291 173
10
345 3649 2377 6769 4888 3292 152 6385 2306 9574
8
7683 4006 614 8474 8118 1530 1407 2728
10
966 773 591 452 255 365 495 625 818 999
10
7899 7528 1130 5267 1518 8660 2112 2690 5009 1332
8
8803 649 2921 3474 173 744 2102 323
6
611 271 63 182 281 615
10
700 233 219 96 52 95 186 225 670 722
9
260 5263 441 7306 8795 333 5406 1838 9989
10
763 665 329 315 26 304 323 379 668 997
3
663689381 977104446 783196564
6
89673087 64534793 191507616 757784057 233100631 197124355
9
8417 9397 5601 4936 8140 265 2162 9356 9994
10
7012 5858 1987 498 6079 5847 9008 2700 3311 15
10
960 673 521 418 97 400 423 563 829 994
10
869 761 464 412 95 219 418 688 795 980
5
1 8 10 3 7
10
6451 326 2146 4325 3292 6999 434 2549 3419 3492
10
796 466 386 345 35 36 376 459 489 894
10
717 581 367 36 26 32 332 417 670 737
6
882897720 232894042 455472796 632339620 199250304 864121281
10
677118376 159078769 779401405 229705764 873597604 785671302 240348397 958370438 792532895 329891959
10
7674626 2441678 7582308 6644895 3174055 4986276 6670258 2464691 4854889 8181274
8
7873 4020 4463 6888 456 263 5715 7109
8
901 880 596 470 569 795 896 937
5
380701524 63724287 732202647 509832104 281862986
10
723 342 329 163 1 7 197 335 410 975
10
4257 7666 3660 9019 5529 9572 4366 5211 3337 9685
1
327702952
8
1875367 528846 3197326 100676 9515696 3498376 1019127 7030317
10
431822526 624474573 305462532 952090473 451248918 409569117 283872061 507653639 201330683 811378381
7
20 87 759 749 702 298 291
10
559514336 539074190 949328548 230742355 364368643 87340649 368468614 332761375 478828605 959996342
10
442003617 182302969 481793345 195195820 911399644 779464092 24420284 32689908 811199834 63679180
8
80 104 246 263 691 371 345 298
10
897 760 587 281 136 277 290 655 792 920
4
700 131 576 763
9
827 647 541 379 184 342 434 554 747
10
859348410 259126437 776356307 551388824 444232247 888158743 39375461 925878661 94330208 195340252
10
9923 4804 469 6584 2748 449 6067 5068 2219 8074
9
547059345 688218645 547055440 14039076 155885937 438172141 681701497 206675092 222822708
9
7306 142 6398 8208 6332 7937 7884 5070 9610
3
438 787 653
5
873 571 267 559 783
4
811518274 323007475 556579607 565982956
9
832 693 213 181 77 136 203 500 703
7
389 959 951 578 545 484 424
3
358 339 104
8
9955 1830 2758 5227 1954 318 249 3594
8
8533 337 1432 8997 3946 3379 70 2133
9
6458 549 137 9345 4173 286 1698 47 3853
10
670 440 346 19 1 18 277 434 528 788
9
7765 2031 3990 482 227 5726 5090 3491 188
