100
10
9740 8816 735 4918 5091 8350 7070 4005 4351 3551
5
981 365 283 300 886
4
2113242 9985412 9529418 6506281
10
42 196 321 458 693 769 940 913 854 845
8
2941966 2925765 5748851 1560724 9151045 882183 6200754 8391752
9
71 77 141 405 886 778 635 541 453
10
365821430 47080643 200241673 407911381 253445153 581334493 316107073 398736777 451652289 224622695
8
4068 3303 3893 282 3981 2902 266 9846
4
208 55 66 873
10
9068 331 732 6577 190 1111 7079 3935 5941 9298
8
3776 2694 304 7830 3641 2397 97 4699
5
888 826 560 738 861
10
8868 8553 1117 8968 7589 3366 5052 8507 7166 7851
10
9356 7997 3929 9546 168 8107 5815 4506 6067 341
10
739 647 529 301 78 187 519 579 723 998
8
1515 2636 6215 657 2673 9797 626 8669
9
8280 924 6165 8195 146 477 7532 376 7633
4
842018657 83872356 505288031 892172689
9
976 456 370 156 123 152 252 446 539
8
5618 7102 6075 9837 491 398 2355 9301
8
269863519 373495404 157625118 675295983 499472121 588262571 181112379 206113129
7
38 155 681 581 568 410 325
4
14865646 515948781 612666666 763333812
8
3567360 1063754 3991929 182448 8440801 4502748 1643225 5925986
7
943 914 647 400 356 79 19
10
6133 6724 7286 3738 5588 9457 5788 4523 1056 7848
8
9995 1312 6499 363 3 3471 4490 9220
10
7066 5223 1090 1653 5466 7514 4222 1817 3727 1269
9
258932536 771307079 229478419 79449997 890620426 544337659 179752383 862457869 125449693
10
199684524 780750652 121280817 925806130 688043942 647797860 560271821 43193717 847254606 110522825
10
320485911 555390924 243906134 548108131 79181438 834626780 379869960 505507365 415033251 502859882
10
158 6229 5295 375 3314 2088 1075 4356 737 8291
9
9950 4392 2318 9174 201 8832 9758 8734 8114
7
210447346 736638001 723453097 347189331 288776752 638814497 620988142
6
815 659 486 601 680 975
10
757 492 428 307 84 159 359 477 720 778
10
528190934 801607920 537725634 722143319 115866355 162703283 233010466 584560720 511984860 106997884
10
847 712 590 486 75 344 587 703 785 975
10
7911 6933 424 7808 6186 4089 86 3182 1673 8641
10
798 598 438 226 39 122 399 480 643 820
10
259270721 478264046 389727524 671377704 323989681 39177872 120892433 472913408 805684905 513477584
10
882 535 463 219 110 152 426 485 734 996
9
645301251 996425762 989184986 955363893 711982736 610430833 600914506 890491568 387910861
10
875 641 457 222 7 196 343 594 870 999
9
9192615 9142952 1041742 1829705 7571947 7528238 4009640 3012224 4887295
10
9404 2653 8848 9262 6220 8303 7211 5413 8938 4239
6
660 486 172 442 648 754
6
762 298 133 239 319 782
8
315 2996 7140 2871 272 2564 1106 4206
10
7117 346 4735 1478 1571 4780 3476 1540 9465 85
10
773 547 384 344 40 291 354 500 556 859
10
4197 333 6814 1496 8717 3312 1380 6958 8 8586
3
261351799 918330592 301215270
1
163222797
10
9441 2511 6656 19 9600 8501 3876 228 6885 8290
3
975830734 731394656 983019539
9
10 61 191 204 343 387 485 568 857
8
4814 6686 8869 121 7804 346 3789 8675
7
242935819 969626156 543877995 515561788 804368923 88867249 382795976
7
261882145 149267595 104909213 793651571 224634039 866295048 175613393
10
235039522 374301594 245046014 66955369 558013428 922058185 424386088 220796276 172124451 644143856
6
689054636 556945536 657225504 815666354 613769499 104390498
10
5678 2045 3543 9448 188 3780 2747 1918 130 6618
10
2234 7595 9177 3708 3092 1941 1021 3779 6530 6728
5
834 665 214 592 744
8
9878 9577 3669 6154 8110 6132 7953 8581
7
144 475 671 950 843 735 697
8
6753 4119 1971 3041 5862 2640 3493 8327
8
8064584 264915 458127 7638201 352336 1214134 6641846 6499630
8
149 166 855 601 557 221 210 208
10
674885642 114037800 41735224 723781125 862333948 466598497 871773295 54929302 532019575 277967689
10
752 613 310 280 78 140 303 314 622 757
10
224995805 216079187 775569298 652367081 666752248 21570426 170407516 669014510 34495987 891236887
9
884092734 629579416 903915156 412628338 638471709 329882668 280988730 241893288 294531071
5
737 243 1 162 445
9
681767436 534408586 648547861 807940135 282360096 518806174 617217556 798458482 950545753
9
899280482 411195650 759032945 239957238 120145745 219731642 460264586 629739597 872564986
5
1 8 10 3 7
8
7353 1438 4762 351 2173 4908 190 1760
8
907 628 368 33 351 617 741 970
10
881 811 629 461 166 172 569 656 829 997
10
73 397 402 431 452 981 953 736 714 578
10
1886 3439 1932 8600 220 4181 216 3632 1279 7344
10
817 567 455 308 197 238 420 509 607 895
5
963 784 335 439 831
6
88 458 573 950 945 784
5
299651251 67259587 192626611 650732171 297897853
9
341771058 860659894 149307272 611109914 9387840 720412483 439973363 644401071 16804599
5
246100419 834955558 535206518 432305056 476005120
10
7639 1627 924 3440 7517 422 1118 9987 38 4489
9
7260 3402 6564 5003 338 126 7874 6560 92
3
453444311 562233576 484194459
10
9828296 533866 8640078 7593567 3760650 6349731 7746277 3178731 5084940 9986313
3
1 2 3
10
57928750 502142641 229240339 551071086 327749566 824944914 794572638 563360967 370780038 123128414
10
153723948 200222287 501782092 479985865 126994432 427082598 213293957 934791301 746362760 759443559
10
715 544 440 381 57 298 403 535 584 921
10
813271747 991372469 983058721 406220351 29860384 486136475 947762129 200758257 359071777 847844354
4
711729812 373829013 624131262 438266806
8
8659 3955 8968 6027 4537 6031 8581 6012
