100
99 362 10
0 57 16 57
32 57 48 57
83 57 98 57
21 117 87 117
0 177 16 177
24 177 40 177
83 177 98 177
13 237 79 237
0 297 16 297
21 297 37 297
100 500 10
15 250 64 260
9 205 10 443
17 295 74 434
80 221 82 439
15 32 76 33
84 82 97 439
34 67 78 176
25 92 30 157
35 461 43 472
57 44 80 64
53 251 10
0 39 8 39
16 39 24 39
45 39 52 39
8 80 43 80
0 121 8 121
9 121 17 121
45 121 52 121
11 162 46 162
0 203 8 203
15 203 23 203
33 497 8
17 434 17 456
6 287 10 399
7 68 22 282
19 289 25 468
3 228 5 464
0 1 1 243
32 205 32 303
24 166 29 267
100 500 10
0 1 86 3
48 6 99 8
0 11 58 13
19 14 99 16
0 19 62 19
3 22 99 24
0 27 94 29
34 32 99 33
0 34 71 34
10 36 99 37
85 340 10
0 52 14 52
27 52 41 52
71 52 84 52
15 108 71 108
0 164 14 164
17 164 31 164
71 164 84 164
16 220 72 220
0 276 14 276
27 276 41 276
57 307 8
19 20 40 141
44 30 48 115
6 223 32 246
48 220 56 284
1 12 5 144
29 247 34 289
22 158 49 188
10 67 11 116
100 500 10
0 1 68 1
7 2 99 2
0 4 78 6
5 9 99 11
0 13 51 15
9 17 99 17
0 20 74 21
48 22 99 24
0 25 96 25
12 28 99 28
37 342 1
0 59 36 247
100 500 10
25 128 59 185
24 252 70 445
1 89 8 280
47 476 55 479
12 100 19 125
76 125 96 238
2 340 23 496
23 45 86 77
90 363 95 414
9 111 11 164
100 500 0
67 219 4
9 62 61 72
52 121 63 161
19 163 26 215
40 178 62 206
13 348 2
0 135 12 346
0 107 11 114
64 21 8
32 1 55 13
42 14 61 19
16 6 26 20
11 1 13 3
14 2 30 4
28 9 30 16
5 14 14 17
11 4 13 6
58 248 9
5 81 35 231
38 137 42 197
14 7 33 31
51 232 57 237
50 42 55 117
46 177 50 183
18 32 32 72
40 26 42 66
51 147 52 206
100 500 10
36 90 85 155
69 302 74 320
27 7 34 178
12 416 83 456
30 224 66 286
48 316 64 399
46 187 80 205
90 29 97 181
13 248 16 340
4 118 13 174
100 500 10
16 80 19 476
48 326 49 415
22 235 51 317
87 127 88 180
60 207 85 265
89 32 95 216
6 70 39 70
73 335 78 336
12 486 36 493
6 339 8 435
100 500 10
0 1 87 3
46 6 99 8
0 11 67 13
47 16 99 16
0 18 88 19
11 21 99 23
0 26 64 26
24 29 99 30
0 32 74 32
43 34 99 35
93 349 10
0 56 15 56
27 56 42 56
78 56 92 56
15 114 77 114
0 172 15 172
30 172 45 172
78 172 92 172
10 230 72 230
0 288 15 288
17 288 32 288
37 76 9
5 65 19 67
12 68 25 73
21 18 30 29
3 34 11 45
13 61 33 62
15 30 26 52
16 8 27 16
2 53 24 56
32 30 33 57
50 353 9
19 306 32 307
0 102 25 273
35 271 36 349
27 14 42 83
40 111 48 126
37 148 48 196
4 35 18 92
8 279 18 300
14 97 31 99
79 429 10
0 71 13 71
14 71 27 71
66 71 78 71
14 142 66 142
0 213 13 213
19 213 32 213
66 213 78 213
14 284 66 284
0 355 13 355
18 355 31 355
100 500 10
60 86 85 289
8 229 8 272
9 402 18 496
17 333 57 373
43 387 43 441
3 20 19 47
8 67 47 171
39 1 59 33
12 186 21 273
93 194 98 234
10 10 10
9 0 9 0
7 1 7 1
8 2 8 2
0 3 0 3
3 4 3 4
2 5 2 5
1 6 1 6
4 7 4 7
6 8 6 8
5 9 5 9
63 270 10
36 51 46 152
58 78 62 218
47 167 48 218
19 250 20 255
21 77 23 182
3 137 5 215
49 107 50 255
36 235 43 240
7 260 17 261
55 153 55 250
87 176 2
22 83 77 97
34 100 85 107
40 497 6
7 301 29 341
3 94 19 239
7 368 16 400
0 208 1 454
8 493 23 494
35 44 37 371
47 263 6
13 36 26 154
33 113 34 127
42 199 45 239
3 190 12 253
21 192 30 222
36 15 37 181
18 136 1
0 97 17 132
58 494 5
11 305 25 365
6 221 10 399
23 227 34 303
29 46 57 50
19 467 43 479
46 15 3
7 4 14 7
25 7 44 12
13 0 24 2
43 160 4
10 85 14 104
19 86 30 148
17 39 26 46
37 76 41 110
7 325 1
1 150 3 249
100 500 10
2 183 56 434
61 9 70 208
87 300 95 345
81 4 86 361
9 44 27 80
90 77 92 88
75 425 96 451
14 489 52 492
78 32 78 183
74 385 93 393
100 500 10
51 17 99 261
2 253 38 398
87 299 93 480
1 83 15 151
19 28 34 130
43 279 57 438
11 464 73 496
65 382 86 397
41 168 41 411
60 325 81 336
6 447 2
0 159 0 438
1 159 5 161
55 390 10
0 65 9 65
13 65 22 65
46 65 54 65
7 130 43 130
0 195 9 195
11 195 20 195
46 195 54 195
9 260 45 260
0 325 9 325
16 325 25 325
82 446 10
0 72 13 72
20 72 33 72
69 72 81 72
14 146 68 146
0 220 13 220
18 220 31 220
69 220 81 220
9 294 63 294
0 368 13 368
25 368 38 368
84 268 10
0 43 14 43
21 43 35 43
70 43 83 43
13 87 69 87
0 131 14 131
25 131 39 131
70 131 83 131
17 175 73 175
0 219 14 219
25 219 39 219
20 461 6
8 175 14 194
8 274 10 284
12 225 15 293
3 192 7 365
8 333 12 436
6 47 14 59
80 379 10
20 105 39 283
19 55 21 61
23 285 53 369
53 29 74 78
62 143 70 146
55 163 57 257
3 139 4 278
22 1 37 2
49 136 50 213
6 100 19 223
10 10 10
3 0 3 0
0 1 0 1
5 2 5 2
8 3 8 3
4 4 4 4
9 5 9 5
7 6 7 6
1 7 1 7
6 8 6 8
2 9 2 9
14 492 4
0 104 6 282
5 70 7 75
7 110 13 354
2 294 6 349
10 10 10
2 0 2 0
4 1 4 1
1 2 1 2
0 3 0 3
5 4 5 4
3 5 3 5
6 6 6 6
7 7 7 7
8 8 8 8
9 9 9 9
100 500 10
0 1 57 1
37 3 99 4
0 7 91 8
4 10 99 12
0 14 66 14
30 16 99 16
0 19 58 19
26 21 99 23
0 25 93 26
35 27 99 27
10 10 10
6 0 6 0
3 1 3 1
2 2 2 2
1 3 1 3
8 4 8 4
5 5 5 5
9 6 9 6
0 7 0 7
7 8 7 8
4 9 4 9
10 10 10
7 0 7 0
5 1 5 1
2 2 2 2
9 3 9 3
6 4 6 4
8 5 8 5
1 6 1 6
0 7 0 7
3 8 3 8
4 9 4 9
28 24 10
5 13 20 19
8 0 24 10
1 21 16 23
1 7 2 10
27 11 27 13
8 12 21 12
21 14 23 17
25 9 26 11
5 1 7 11
5 20 23 20
10 10 10
0 0 0 0
9 1 9 1
2 2 2 2
1 3 1 3
5 4 5 4
3 5 3 5
6 6 6 6
4 7 4 7
7 8 7 8
8 9 8 9
31 468 6
10 177 28 404
2 291 5 365
6 67 11 171
19 27 23 70
24 98 25 162
14 35 17 54
52 201 8
0 102 7 165
8 165 8 182
9 60 34 165
35 28 41 165
42 155 45 165
46 142 46 155
47 20 49 155
50 10 51 155
100 500 10
83 57 93 71
67 321 80 473
63 138 81 230
24 32 55 200
7 117 23 289
26 278 61 283
55 409 66 470
93 231 96 393
7 295 8 379
0 443 30 464
10 10 10
2 0 2 0
5 1 5 1
9 2 9 2
3 3 3 3
1 4 1 4
4 5 4 5
6 6 6 6
0 7 0 7
8 8 8 8
7 9 7 9
10 10 10
9 0 9 0
0 1 0 1
7 2 7 2
4 3 4 3
8 4 8 4
2 5 2 5
1 6 1 6
5 7 5 7
6 8 6 8
3 9 3 9
93 34 1
0 6 92 16
100 500 10
27 260 63 291
5 213 41 236
71 161 80 232
51 20 66 134
64 212 65 460
73 235 79 421
18 449 60 489
5 343 9 428
23 35 50 142
13 88 16 190
100 500 10
0 1 52 1
34 4 99 5
0 8 55 9
14 10 99 12
0 13 72 14
0 17 99 19
40 22 99 24
0 26 51 26
4 29 99 30
0 32 77 33
100 500 10
71 50 98 162
0 215 61 218
80 350 96 391
28 131 61 168
30 244 85 271
48 366 53 411
66 172 75 236
34 454 36 486
8 331 62 353
18 75 58 84
45 140 2
0 120 29 133
30 37 44 133
100 500 10
29 77 50 238
74 144 91 149
31 378 37 449
46 278 73 337
8 396 9 470
11 310 18 464
8 206 10 213
40 381 97 433
12 4 12 270
67 18 68 25
86 488 3
28 135 34 279
39 34 74 282
36 259 36 329
51 77 0
67 346 10
0 53 11 53
22 53 33 53
56 53 66 53
9 110 53 110
0 167 11 167
15 167 26 167
56 167 66 167
13 224 57 224
0 281 11 281
19 281 30 281
100 500 10
43 4 91 313
20 214 31 423
7 447 74 495
40 314 49 396
61 374 81 404
2 226 16 291
92 292 98 369
87 387 93 492
0 44 6 164
15 111 16 153
87 296 1
0 37 86 216
54 464 10
0 75 9 75
14 75 23 75
45 75 53 75
9 152 45 152
0 229 9 229
12 229 21 229
45 229 53 229
7 306 43 306
0 383 9 383
12 383 21 383
10 461 1
0 60 9 282
83 53 8
47 31 65 33
4 39 48 43
8 0 11 22
35 31 44 32
32 0 82 19
59 40 78 46
16 7 20 27
34 28 40 30
83 207 5
45 170 56 172
40 61 62 62
13 44 30 182
42 117 58 129
4 189 26 206
100 500 10
10 188 82 196
80 197 95 475
27 372 78 400
43 265 53 344
3 9 90 27
7 48 19 179
10 346 53 367
40 143 58 168
58 68 82 112
5 290 27 336
52 495 10
0 81 8 81
16 81 24 81
44 81 51 81
6 163 40 163
0 245 8 245
14 245 22 245
44 245 51 245
6 327 40 327
0 409 8 409
9 409 17 409
78 446 1
0 364 77 372
7 378 1
0 225 6 288
12 25 8
0 3 7 3
2 8 11 10
4 4 8 5
0 7 1 7
7 15 8 18
1 11 10 14
3 1 8 2
2 22 6 24
59 89 9
21 0 22 78
30 32 43 52
3 82 40 85
33 11 53 20
45 40 55 70
1 44 14 55
2 20 4 24
2 1 6 19
8 35 14 39
67 273 10
0 45 11 45
12 45 23 45
56 45 66 45
10 90 54 90
0 135 11 135
12 135 23 135
56 135 66 135
9 180 53 180
0 225 11 225
17 225 28 225
25 407 4
5 161 12 390
12 78 21 137
11 56 22 57
14 202 20 356
100 500 10
37 18 39 432
46 171 77 383
96 241 98 343
24 52 29 310
86 106 90 398
56 444 77 457
11 270 18 464
6 97 21 136
11 239 22 261
46 389 66 396
54 284 10
0 45 9 45
11 45 20 45
45 45 53 45
10 92 46 92
0 139 9 139
17 139 26 139
45 139 53 139
7 186 43 186
0 233 9 233
18 233 27 233
73 205 1
0 63 72 129
100 500 10
46 190 95 446
9 129 22 293
11 357 39 453
11 5 32 24
78 111 82 151
23 150 45 293
53 38 61 183
18 100 42 117
47 136 50 181
12 458 22 461
43 172 7
31 35 42 118
20 102 22 110
8 30 13 130
29 29 30 124
21 148 32 162
7 39 7 88
24 20 28 115
33 321 9
19 106 27 163
9 141 17 319
18 164 22 281
15 54 21 79
15 36 32 47
1 73 7 156
0 49 0 71
31 312 31 314
30 190 30 269
41 99 10
24 89 35 95
32 38 39 69
4 63 9 87
1 15 21 32
11 43 27 56
40 65 40 79
18 72 21 77
7 39 9 61
27 18 30 36
8 96 28 97
100 500 10
0 1 86 3
33 4 99 5
0 6 57 7
35 8 99 10
0 13 61 14
35 17 99 19
0 20 74 22
21 23 99 23
0 25 65 26
8 27 99 27
8 66 7
0 15 1 52
3 51 4 61
2 29 2 64
3 8 5 8
3 33 5 41
0 58 1 64
6 14 7 59
78 441 10
0 69 13 69
18 69 31 69
65 69 77 69
12 142 64 142
0 215 13 215
18 215 31 215
65 215 77 215
9 288 61 288
0 361 13 361
20 361 33 361
86 387 2
12 1 69 94
71 120 80 192
100 500 10
21 320 76 467
20 53 97 204
18 225 61 294
3 422 13 472
10 254 13 295
14 146 16 446
18 326 20 451
87 422 89 454
9 177 10 180
26 15 78 29
49 364 1
40 149 41 324
79 30 6
46 1 56 14
21 20 37 22
5 0 44 6
11 16 16 28
45 17 74 26
13 8 14 12
77 14 4
36 3 57 5
19 6 62 12
7 12 8 12
5 4 26 5
63 462 10
0 74 10 74
11 74 21 74
53 74 62 74
10 151 52 151
0 228 10 228
11 228 21 228
53 228 62 228
13 305 55 305
0 382 10 382
18 382 28 382
9 90 1
0 56 8 77
26 469 7
4 177 25 179
11 223 25 306
6 41 22 41
11 387 14 433
8 437 8 456
13 80 19 123
1 300 3 348
100 500 10
71 213 78 298
14 80 68 231
35 386 99 491
81 192 95 262
27 251 37 311
33 12 80 41
82 29 93 30
31 57 65 64
7 313 8 398
6 273 25 280
10 10 10
9 0 9 0
4 1 4 1
3 2 3 2
8 3 8 3
1 4 1 4
7 5 7 5
2 6 2 6
6 7 6 7
5 8 5 8
0 9 0 9
100 500 10
0 1 69 2
2 3 99 5
0 8 60 8
19 10 99 12
0 14 67 16
3 19 99 19
0 22 65 24
40 25 99 26
0 27 78 28
27 29 99 29
34 24 5
2 2 32 6
19 22 20 22
2 14 16 15
22 19 27 20
4 10 28 10
10 10 10
5 0 5 0
6 1 6 1
4 2 4 2
1 3 1 3
0 4 0 4
2 5 2 5
9 6 9 6
8 7 8 7
3 8 3 8
7 9 7 9
