100
26 231 5
2 103 5 160
7 9 24 20
6 96 17 200
20 59 21 95
10 59 13 63
100 500 10
12 19 71 401
59 419 61 464
98 80 99 378
26 476 62 490
73 86 80 148
84 206 93 473
3 216 8 238
73 222 81 459
2 340 3 421
14 454 18 477
14 351 6
2 198 10 322
0 16 6 137
12 131 13 285
7 69 8 140
4 144 6 165
11 12 11 88
71 461 5
0 200 26 425
27 196 49 425
50 414 62 425
63 113 69 425
70 137 70 425
42 226 1
0 112 41 193
10 10 10
5 0 5 0
8 1 8 1
6 2 6 2
0 3 0 3
7 4 7 4
9 5 9 5
4 6 4 6
2 7 2 7
1 8 1 8
3 9 3 9
100 500 10
0 1 51 2
25 4 99 6
0 7 68 7
27 9 99 11
0 13 85 14
19 17 99 19
0 21 73 22
45 24 99 26
0 27 63 27
15 28 99 28
68 406 9
45 91 49 118
51 160 56 284
34 241 47 351
0 26 26 70
7 101 34 199
4 267 18 286
42 33 59 72
7 248 22 261
22 303 23 314
87 485 10
0 78 14 78
27 78 41 78
73 78 86 78
17 158 75 158
0 238 14 238
21 238 35 238
73 238 86 238
10 318 68 318
0 398 14 398
15 398 29 398
96 196 1
0 79 95 121
24 131 10
5 34 19 67
15 103 23 125
5 72 23 85
11 10 22 13
2 10 3 124
5 1 6 3
13 68 17 69
18 16 18 25
6 92 17 93
9 99 11 126
79 141 3
2 58 5 130
8 14 9 129
11 0 43 129
100 500 10
38 218 59 254
36 21 87 119
4 302 39 499
89 220 92 432
30 180 34 266
62 318 70 468
39 167 58 216
13 72 17 297
75 248 78 354
69 138 79 154
46 93 1
0 69 45 79
98 388 10
0 63 16 63
26 63 42 63
82 63 97 63
13 127 78 127
0 191 16 191
18 191 34 191
82 191 97 191
19 255 84 255
0 319 16 319
18 319 34 319
99 131 1
0 64 98 81
29 407 0
77 102 4
0 0 37 7
41 49 52 92
54 3 76 66
15 42 28 95
51 403 2
0 94 40 269
41 94 50 349
100 500 10
58 72 92 366
27 214 37 267
23 344 29 439
18 33 22 422
5 243 9 457
33 430 55 437
32 1 48 74
15 482 29 489
7 4 10 16
65 410 90 499
84 264 10
0 44 14 44
24 44 38 44
70 44 83 44
17 88 73 88
0 132 14 132
21 132 35 132
70 132 83 132
12 176 68 176
0 220 14 220
23 220 37 220
100 500 10
45 341 73 414
87 321 89 404
46 216 70 260
19 125 35 382
45 17 68 153
3 376 14 494
69 108 97 209
77 244 87 297
41 180 62 194
14 199 15 294
90 336 5
62 93 74 246
6 127 19 142
18 235 48 270
9 4 52 71
31 140 50 207
82 305 10
0 46 13 46
24 46 37 46
69 46 81 46
16 96 70 96
0 146 13 146
15 146 28 146
69 146 81 146
14 196 68 196
0 246 13 246
14 246 27 246
10 10 10
3 0 3 0
9 1 9 1
4 2 4 2
6 3 6 3
0 4 0 4
5 5 5 5
7 6 7 6
8 7 8 7
2 8 2 8
1 9 1 9
37 249 4
29 51 35 193
3 74 12 186
5 195 7 248
15 29 17 49
77 55 1
0 4 76 19
50 488 4
31 289 43 422
20 37 30 224
47 69 47 74
39 66 45 152
57 291 10
0 45 9 45
16 45 25 45
48 45 56 45
9 93 47 93
0 141 9 141
16 141 25 141
48 141 56 141
9 189 47 189
0 237 9 237
11 237 20 237
100 500 10
41 4 70 498
79 121 90 304
8 302 24 388
6 442 26 459
8 40 17 267
76 81 77 230
28 78 30 95
77 343 79 404
18 155 40 298
0 290 0 463
72 150 1
9 8 64 147
100 500 10
0 1 97 2
47 4 99 5
0 6 90 7
14 10 99 12
0 14 75 14
31 17 99 19
0 21 76 22
9 25 99 26
0 28 67 28
33 29 99 29
100 500 10
0 1 70 1
46 4 99 5
0 7 59 8
22 9 99 11
0 14 97 15
26 17 99 17
0 18 78 18
27 20 99 22
0 24 85 24
28 27 99 29
30 338 1
0 48 29 62
93 356 10
47 192 69 269
6 227 31 276
47 306 82 318
1 113 24 204
47 50 48 60
23 51 37 71
45 167 66 188
56 270 64 294
56 75 57 110
30 103 32 109
100 500 10
10 2 44 310
44 362 48 443
72 0 80 256
28 415 35 425
1 126 3 220
45 163 49 264
86 113 95 494
55 403 63 480
65 274 80 390
5 41 8 318
56 459 10
0 75 9 75
10 75 19 75
47 75 55 75
11 151 48 151
0 227 9 227
11 227 20 227
47 227 55 227
8 303 45 303
0 379 9 379
11 379 20 379
32 293 4
8 27 16 286
21 185 28 200
20 213 30 263
28 19 29 100
77 122 10
19 21 35 64
2 65 55 71
65 46 67 102
36 24 59 64
37 110 72 111
13 85 33 118
10 8 17 36
57 87 64 94
40 113 61 115
56 0 72 11
82 22 10
5 9 21 12
33 10 49 18
0 19 31 21
61 5 63 9
60 14 75 16
57 12 59 15
27 4 48 6
8 8 60 8
64 6 68 10
9 2 23 6
89 295 6
0 57 8 171
9 171 36 290
37 290 78 291
79 246 85 290
86 209 86 290
87 63 88 290
61 336 10
0 52 10 52
12 52 22 52
51 52 60 52
13 108 53 108
0 164 10 164
16 164 26 164
51 164 60 164
13 220 53 220
0 276 10 276
15 276 25 276
70 222 10
0 184 65 189
22 18 58 89
33 96 44 179
10 101 17 166
6 63 8 82
22 0 31 1
59 32 68 179
0 1 5 75
41 196 58 214
11 28 13 97
63 270 10
36 51 46 152
58 78 62 218
47 167 48 218
19 250 20 255
21 77 23 182
3 137 5 215
49 107 50 255
36 235 43 240
7 260 17 261
55 153 55 250
10 10 10
7 0 7 0
0 1 0 1
2 2 2 2
5 3 5 3
8 4 8 4
3 5 3 5
9 6 9 6
1 7 1 7
4 8 4 8
6 9 6 9
10 10 10
5 0 5 0
9 1 9 1
6 2 6 2
4 3 4 3
0 4 0 4
3 5 3 5
7 6 7 6
1 7 1 7
8 8 8 8
2 9 2 9
100 500 10
0 229 80 324
21 64 80 192
81 269 84 463
32 427 72 442
31 327 60 418
86 193 92 468
35 460 54 491
5 106 5 170
36 60 85 61
7 376 16 401
99 357 10
0 56 16 56
28 56 44 56
83 56 98 56
21 115 87 115
0 174 16 174
32 174 48 174
83 174 98 174
18 233 84 233
0 292 16 292
32 292 48 292
26 38 9
17 9 25 26
3 22 11 37
8 3 12 6
12 28 13 30
13 1 23 4
2 15 14 15
14 21 14 21
17 28 23 36
7 18 11 20
100 500 10
40 296 89 464
14 277 19 419
56 98 58 274
5 111 24 266
21 365 39 445
47 0 54 280
26 127 41 197
65 16 86 295
14 476 21 498
32 264 35 331
100 500 10
0 1 64 2
48 4 99 6
0 9 66 10
27 11 99 11
0 13 57 13
16 16 99 16
0 19 63 20
46 21 99 21
0 23 61 23
5 25 99 25
95 442 1
0 415 94 417
65 341 10
0 52 10 52
15 52 25 52
55 52 64 52
13 108 56 108
0 164 10 164
19 164 29 164
55 164 64 164
13 220 56 220
0 276 10 276
17 276 27 276
62 76 4
19 31 46 70
21 6 46 21
27 28 54 30
3 54 15 68
10 10 10
3 0 3 0
1 1 1 1
0 2 0 2
5 3 5 3
9 4 9 4
8 5 8 5
7 6 7 6
4 7 4 7
2 8 2 8
6 9 6 9
100 500 10
0 1 59 3
9 4 99 6
0 7 50 9
36 11 99 13
0 16 80 16
10 19 99 21
0 23 84 23
27 26 99 26
0 28 90 29
7 31 99 33
55 43 10
18 25 42 26
35 3 48 23
0 6 0 8
2 21 13 42
6 5 10 16
14 27 52 28
20 29 33 34
27 12 29 12
20 1 23 3
23 23 26 24
87 3 3
0 2 24 2
25 1 85 2
86 0 86 1
100 500 10
29 23 54 158
8 271 11 387
53 292 69 374
22 45 26 386
64 216 68 228
86 78 96 420
75 62 82 176
27 321 39 443
43 246 57 271
74 29 89 58
10 10 10
9 0 9 0
3 1 3 1
2 2 2 2
1 3 1 3
4 4 4 4
7 5 7 5
0 6 0 6
6 7 6 7
8 8 8 8
5 9 5 9
10 10 10
1 0 1 0
3 1 3 1
9 2 9 2
6 3 6 3
2 4 2 4
4 5 4 5
5 6 5 6
8 7 8 7
0 8 0 8
7 9 7 9
33 130 0
66 229 0
37 32 4
13 2 15 25
25 16 25 21
17 2 18 23
5 27 17 30
22 372 2
9 34 12 235
4 239 17 296
85 53 5
0 1 44 38
45 1 80 26
81 26 82 46
83 4 83 26
84 4 84 19
40 178 3
11 15 34 112
14 145 23 177
1 81 3 86
100 500 10
49 29 84 324
91 78 95 440
1 169 29 256
7 369 74 424
1 67 39 94
34 475 84 486
7 358 63 365
5 443 33 491
87 37 96 51
9 329 27 357
22 318 1
1 38 15 249
100 500 0
44 335 4
0 138 28 302
3 5 3 31
1 40 40 104
33 207 35 263
10 10 10
7 0 7 0
9 1 9 1
0 2 0 2
3 3 3 3
5 4 5 4
1 5 1 5
8 6 8 6
4 7 4 7
2 8 2 8
6 9 6 9
34 81 5
0 16 18 45
19 16 24 34
25 34 27 61
28 21 30 61
31 45 33 61
76 35 1
20 14 74 29
96 280 1
0 73 95 256
100 500 10
0 1 73 2
47 3 99 5
0 8 72 10
13 12 99 13
0 14 56 14
38 15 99 17
0 20 51 22
39 23 99 25
0 26 57 26
32 29 99 30
10 72 0
28 24 10
5 13 20 19
8 0 24 10
1 21 16 23
1 7 2 10
27 11 27 13
8 12 21 12
21 14 23 17
25 9 26 11
5 1 7 11
5 20 23 20
95 215 10
14 47 37 212
49 95 77 180
81 23 87 122
37 0 46 12
44 15 80 82
0 129 11 175
9 112 12 127
82 183 82 195
5 34 13 52
48 111 48 192
47 69 1
0 38 46 43
100 500 10
52 207 79 415
27 129 33 219
0 30 6 160
0 430 54 469
39 80 42 172
85 32 90 148
61 140 65 195
60 435 94 469
11 191 16 387
90 150 94 177
100 500 10
0 1 81 2
44 4 99 4
0 6 87 8
37 11 99 12
0 15 84 15
0 16 99 17
7 19 99 20
0 23 81 23
41 24 99 26
0 28 71 28
100 500 10
8 113 63 446
65 48 71 67
21 78 26 99
40 1 85 3
79 384 82 418
59 452 73 493
89 261 91 359
15 12 21 14
71 227 94 247
95 54 96 180
100 500 10
0 1 65 3
20 6 99 8
0 9 59 10
29 13 99 14
0 15 81 17
43 19 99 21
0 24 64 25
6 27 99 29
0 31 76 31
26 32 99 34
10 10 10
6 0 6 0
7 1 7 1
1 2 1 2
5 3 5 3
8 4 8 4
0 5 0 5
2 6 2 6
4 7 4 7
3 8 3 8
9 9 9 9
83 283 1
0 6 82 166
60 330 10
0 51 10 51
11 51 21 51
50 51 59 51
11 106 51 106
0 161 10 161
17 161 27 161
50 161 59 161
11 216 51 216
0 271 10 271
12 271 22 271
10 10 10
1 0 1 0
7 1 7 1
6 2 6 2
2 3 2 3
5 4 5 4
3 5 3 5
9 6 9 6
8 7 8 7
4 8 4 8
0 9 0 9
35 110 7
0 63 10 108
11 63 12 107
13 30 13 63
14 63 30 65
31 65 32 77
33 16 33 77
34 77 34 107
94 491 7
25 156 75 306
1 5 6 315
40 321 91 480
54 33 59 115
51 2 80 13
3 413 16 418
6 342 24 364
100 500 10
81 150 94 334
8 218 38 451
58 16 78 349
41 352 95 385
3 79 56 157
63 465 85 496
79 114 99 140
20 16 20 16
41 275 43 280
69 389 98 396
10 10 10
2 0 2 0
1 1 1 1
0 2 0 2
8 3 8 3
9 4 9 4
3 5 3 5
7 6 7 6
6 7 6 7
4 8 4 8
5 9 5 9
95 4 8
52 1 85 2
19 0 42 3
7 0 8 2
10 2 14 3
14 0 15 1
46 0 81 0
80 3 89 3
69 3 78 3
92 161 10
13 89 88 99
13 39 89 71
57 15 64 27
49 139 59 155
31 134 46 155
53 109 65 122
29 118 44 132
7 86 10 98
1 64 6 80
17 30 20 34
79 375 2
12 38 21 232
50 95 66 109
10 10 10
7 0 7 0
6 1 6 1
0 2 0 2
8 3 8 3
1 4 1 4
4 5 4 5
2 6 2 6
5 7 5 7
9 8 9 8
3 9 3 9
70 434 9
2 89 12 202
21 310 42 417
18 97 59 209
62 10 65 195
51 285 67 389
4 242 20 289
0 387 0 433
3 33 11 81
33 4 44 84
100 500 10
0 1 85 3
22 5 99 5
0 8 66 10
46 13 99 14
0 17 61 18
19 21 99 22
0 25 66 27
48 29 99 31
0 33 58 33
21 34 99 35
100 500 10
56 139 75 388
26 439 28 459
77 69 84 336
37 463 60 487
19 14 32 290
21 420 23 422
5 440 22 452
77 410 84 414
33 200 33 237
28 398 41 420
16 110 9
6 33 9 54
12 33 13 60
1 66 13 99
2 7 3 26
5 15 11 22
2 28 11 28
15 54 15 86
9 61 13 65
4 105 8 106
