99
1 1 1 1 1
10 17 1 7 1
2 100 100 200 1
20 17 3 23 100
10 999999 999999 1000000 1000000
2 1 1 1 1
3 1 99 100 1
60 91350 774865 570500 202255
8 104406 479353 375287 15487
4 3 21 18 13
10 7 17 5 21
9 26 16 15 23
7 27 26 10 12
5 14 9 7 10
7 3 29 26 28
10 20 13 19 28
2 806782 788993 1000000 82884
4 953829 304450 656749 873303
7 1 29 6 24
7 28 1 15 16
7 22 16 13 2
5 7 20 17 8
8 8 9 4 18
1000 9999 500 10000 1
54 176265 131522 93910 337849
5 19 30 16 30
6 1 6 7 9
6 157339 991535 1000000 746820
302 92718 243940 9160 526034
4 4 4 11 8
1000 179297 113077 999983 114116
7 26 24 26 26
6 183801 921799 745568 468635
7 270409 387144 1000000 452383
5 869332 265738 841188 471506
9 8 20 21 3
16 128591 799089 999983 879977
99 867866 849731 893250 6301
1000 794512 305853 38051 664415
39 70046 954978 999983 340857
4 11 11 21 1
1 352650 21799 1000000 582607
2 655656 480687 1000000 866513
1 663391 207102 251111 542327
4 972110 779462 454699 740443
6 23 5 16 5
6 7 16 7 26
9 597911 881474 195533 464429
1000 27669 74844 1000000 276751
1000 617336 403134 1000000 566396
6 21 7 15 23
78 829483 685201 999983 305545
5 15 2 25 16
4 4 3 14 22
5 22 1 8 23
5 837780 252281 365990 642988
274 739707 256806 1000000 96230
8 5 14 4 8
6 456832 806763 606147 913222
999 3 5 3 6
5 981008 372917 838154 401815
5 17 14 24 9
1000 794069 531319 999983 78779
3 328362 596700 108300 756173
5 425020 889991 1000000 723992
5 20 29 11 21
1000 142037 424793 281287 553641
8 21 12 7 1
3 500000 500000 1000000 1
4 376760 231668 97022 569998
7 631756 705350 959968 849667
9 513655 516874 871996 140739
10 363602 198815 992121 248209
4 10 2 21 1
9 17 10 15 1
6 575174 579193 536628 332534
1 877382 733108 999983 69497
49 709086 682808 456608 180061
1000 752368 634574 999983 10135
2 467305 757083 999983 472815
9 505621 80527 282523 412458
9 16 21 25 24
9 11 1 15 21
9 10 27 12 21
5 15 29 29 30
7 1 29 27 7
1000 859437 617802 266077 588230
6 23 27 26 3
8 9 9 12 7
6 9 13 19 22
4 12 21 24 7
10 12 7 9 5
1 1 1 1 1
6 244292 330736 884818 764940
4 20 16 10 25
86 725203 952896 999983 204481
13 335017 73196 999983 330440
4 884702 114922 498641 962904
1000 591684 998084 1000000 184746
