100
70 32 4
133 0
8 0
4 1
18 0
20 50 2
100 1
50 1
22 20 100
195 649898
191 583577
190 70961
192 608854
193 43725
193 647827
193 339043
190 270370
191 68136
198 505964
193 20802
191 285258
191 80670
193 183965
194 16065
190 76452
197 91485
199 170286
190 445988
193 324817
190 87804
193 6882
193 226516
190 465689
194 146167
192 127049
191 176172
192 396031
192 398308
192 108078
190 13378
192 38714
191 589111
192 437328
193 618750
190 14397
190 704848
194 48882
192 574139
191 480711
194 357559
191 63176
193 175447
194 258453
191 706947
190 12511
191 181170
192 21592
195 359968
193 92393
199 116308
190 352072
195 402952
191 135017
192 277287
190 129665
192 428804
194 51461
190 171899
192 69424
192 638021
190 224689
190 118853
191 82341
192 172974
199 8643
192 34032
190 166043
190 228990
192 79741
200 183198
191 348403
195 22955
198 258715
192 389063
191 283406
192 519332
190 40562
191 62096
191 475046
192 22699
190 39911
197 268042
192 170463
192 108990
191 357464
191 144522
192 461237
194 327871
190 67947
190 748144
190 106941
194 44355
193 81455
191 65589
190 486823
200 375651
192 636531
190 18524
192 38697
21 28 68
63 132657
59 262525
11 72104
14 195153
61 161372
124 439589
15 2542
40 153088
107 39839
44 12854
147 175457
19 540376
76 94636
43 77353
29 149592
1 184528
48 441624
42 616339
53 101156
71 488785
17 48599
100 1605
19 108240
67 353759
7 153714
50 34759
14 150621
54 339194
1 9483
46 41238
18 41419
25 11892
91 73406
24 489955
5 33806
13 248391
77 52820
93 185812
129 358540
17 573330
45 14964
143 619025
15 528336
62 219023
19 190100
64 256787
56 619645
84 200054
35 75869
17 130417
102 184752
4 872451
30 225984
34 456992
52 220680
26 4881
9 258059
4 74045
29 114340
40 95227
140 9547
2 29762
23 88732
19 224855
58 182759
92 134395
171 66954
18 68481
20 20 100
193 456895
193 67389
192 74496
193 125042
191 78585
191 88796
190 294061
198 202324
190 179715
193 53492
191 47658
192 228887
190 239775
192 21983
193 312257
190 76055
191 584602
191 90521
192 18426
193 369392
191 169050
191 108733
197 206735
191 139536
191 360571
190 5689
193 202
192 159942
191 240503
191 50962
197 4493
190 667431
190 125670
194 483431
193 383131
191 71702
199 243239
196 57198
190 231105
190 624837
190 201773
193 137611
190 12071
190 315768
191 6974
190 184549
194 143545
194 507013
191 469147
197 23643
190 522473
195 312921
197 80373
190 73239
190 81598
197 61577
193 54722
190 403178
191 766128
196 145444
192 433856
190 452181
190 44252
194 34020
190 42400
191 600674
193 437547
195 131002
197 73895
191 1487
190 117241
191 533652
194 446006
190 32059
191 515801
192 805586
190 31172
196 11510
195 249962
191 315304
194 224209
191 224765
197 204927
195 101689
190 672850
192 118903
191 204906
190 185736
193 235671
191 229632
193 152784
193 284282
195 102111
191 261395
195 69221
190 55572
191 539398
190 190378
200 65208
192 40043
21 46 51
60 1
1 1
55 1
64 1
53 1
61 1
55 1
162 1
53 1
54 1
141 1
4 1
8 1
6 1
96 1
180 1
10 1
4 1
163 1
150 1
12 1
106 1
18 1
4 1
142 1
81 1
87 1
1 1
51 1
50 1
58 1
109 1
102 1
42 1
58 1
49 1
65 1
59 1
140 1
2 1
6 1
186 1
138 1
64 1
26 1
139 1
109 1
12 1
31 1
105 1
52 1
111 102 63
149 354650
118 370229
7 224092
148 711064
128 76586
107 36755
168 603339
116 12404
122 158201
124 116721
157 186358
114 166863
147 426398
107 659348
153 6789
139 219526
117 509190
131 7950
151 15437
111 694
191 168043
146 217621
111 131489
112 434132
129 11942
145 132140
117 268488
154 181129
135 282456
118 330751
118 361371
35 739060
176 20182
109 59556
139 432372
124 79998
184 380637
172 405146
159 238374
122 30173
147 49242
150 38192
141 223992
117 200839
180 358422
152 495323
119 188921
163 187796
108 415565
109 89768
161 783256
150 511353
177 48601
174 365412
146 271038
141 78285
173 31518
134 554398
111 122296
112 325
109 26904
143 15370
170 138007
114 49 76
32 241373
70 2959
55 703455
62 50354
90 245860
56 167649
50 642332
95 269153
52 427243
102 316390
19 133259
56 47240
180 470641
25 254657
36 67295
83 161406
58 45162
63 438297
182 686191
13 25989
65 134445
25 447755
89 82444
58 514241
72 212769
75 620308
81 104180
137 124311
163 361938
148 96474
3 274851
15 46407
61 93595
4 72309
31 54170
1 136805
62 118848
110 220519
8 217702
150 339148
76 512836
24 227216
5 89229
127 9310
39 6162
64 377867
70 956458
84 35996
73 100081
67 263507
81 589314
25 160672
50 77395
148 164051
60 33855
85 41660
3 263311
36 106545
67 100010
67 253977
144 373687
82 36863
5 788956
64 218954
90 132620
50 483680
93 407986
117 29331
63 429206
81 865130
9 191088
151 3171
111 100628
14 877523
129 715349
25 801097
35 148 14
12 0
16 1
39 0
26 0
104 0
111 0
6 0
85 1
1 0
70 0
13 0
9 1
17 1
14 1
25 30 100
28 1
27 1
27 1
26 2
27 2
26 1
26 1
28 2
27 1
26 1
27 1
26 1
26 1
26 1
26 1
26 2
26 1
26 2
26 1
26 1
29 1
30 2
28 2
28 1
30 2
26 1
28 1
27 1
28 1
26 1
27 1
26 2
27 1
26 1
28 1
30 2
27 1
26 1
26 1
28 1
26 1
28 1
27 2
26 1
26 1
26 1
26 1
26 1
27 1
26 1
28 1
26 1
27 1
27 1
30 1
26 1
27 2
28 1
26 2
28 2
28 1
26 1
27 1
26 1
29 1
29 1
27 1
27 1
26 1
26 2
27 2
27 2
26 2
26 1
26 2
26 2
29 1
27 2
26 1
29 1
28 1
26 1
26 1
26 2
26 2
26 1
27 2
27 1
30 1
27 1
26 1
28 1
26 1
27 2
26 1
29 1
26 2
26 2
28 1
26 1
25 20 100
194 396409
190 207460
190 256621
190 195453
192 347602
194 11566
191 1518
190 372711
192 177269
190 85975
198 3817
197 29069
190 134109
193 1915
191 27926
190 102281
197 189902
194 111893
190 331083
194 415874
190 35896
195 348047
192 200136
190 540413
190 11986
193 197318
190 2583
194 599009
192 440288
191 616377
194 29182
192 101056
192 861924
193 306075
191 5113
194 200875
193 14249
190 799852
193 218527
190 328591
191 693339
190 205790
190 308504
197 514733
191 239149
191 108254
191 113731
194 13341
193 145911
191 150047
192 99353
193 307801
193 233700
193 28713
190 3489
194 774570
191 344122
193 206100
190 356616
193 32589
193 444415
190 48068
193 383153
192 29503
190 493155
191 641161
192 116596
190 564240
190 272703
191 313674
195 146182
191 348472
192 213566
190 412509
190 44572
193 604024
190 43049
193 549424
200 234011
192 21808
193 223461
195 135024
195 277805
192 157986
194 134933
193 236745
195 118367
192 520187
190 118413
192 214407
192 32267
195 153845
190 225782
192 10091
191 50667
193 665199
194 22184
192 160765
196 233721
191 12793
69 58 100
143 186130
154 370695
19 60534
77 119009
138 675750
13 17238
80 73281
2 284620
20 296900
168 554064
120 12654
53 111041
73 70054
135 179675
6 67073
11 570249
158 53120
8 201505
123 7971
36 197469
148 126753
57 606809
113 356796
100 90
71 3427
76 21070
83 11504
78 779970
74 292410
105 220454
108 159013
120 284815
69 286705
15 158398
78 43761
139 48884
45 44922
78 148761
63 161545
122 595398
1 86043
100 131758
140 177961
37 178304
96 451792
79 456664
109 4610
101 40726
155 498542
158 15418
55 432795
9 642370
69 964876
86 66032
100 96071
84 550871
63 215106
143 38476
2 63642
94 6244
108 182232
95 124984
59 262883
117 45557
71 221614
83 52541
34 243986
131 400630
72 676729
69 208747
99 65644
27 891380
62 71384
69 395275
73 615971
148 47280
2 76090
132 425720
13 92455
72 55175
95 26608
113 278603
75 48096
110 211597
87 515376
100 263671
74 37979
82 28671
83 76011
136 212315
126 216166
7 24642
20 398927
73 205478
68 69794
70 54061
79 15497
119 419533
76 381232
10 40862
53 40 100
28 778444
127 664791
49 724955
23 262555
55 41600
4 487476
97 177777
9 20345
61 7187
70 373131
80 8630
101 19659
26 175668
139 761664
33 590766
6 32233
46 200920
93 592704
68 440792
69 2526
1 18339
126 539746
1 121211
13 218619
117 357897
22 377521
141 187977
16 488508
2 54382
55 217343
45 28919
76 52553
148 888084
24 36254
50 477478
37 216640
96 255650
45 564266
60 39392
20 137309
135 740518
23 126715
18 27070
43 664737
84 98717
35 755425
69 272395
78 200378
64 18473
66 129202
48 778180
10 119515
122 227500
120 604922
5 184713
10 48487
2 164830
41 20610
140 32769
38 209444
18 349722
125 160296
14 73088
19 115791
82 296718
71 448313
51 56136
83 347837
8 438086
83 518798
70 736031
2 70840
9 939586
58 288120
98 294285
27 522090
62 92178
96 93250
1 31053
82 791985
8 38775
44 242249
144 355753
44 604785
27 285696
39 461672
110 650501
24 117190
45 9337
175 6567
2 17127
7 379058
155 59757
1 42136
62 639888
176 6150
53 339660
49 386709
43 225355
11 694589
56 90 1
59 0
20 20 100
200 1000000
200 1000000
200 1000000
200 1000000
200 1000000
200 1000000
200 1000000
200 1000000
200 1000000
200 1000000
200 1000000
200 1000000
200 1000000
200 1000000
200 1000000
200 1000000
200 1000000
200 1000000
200 1000000
200 1000000
200 1000000
200 1000000
200 1000000
200 1000000
200 1000000
200 1000000
200 1000000
200 1000000
200 1000000
200 1000000
200 1000000
200 1000000
200 1000000
200 1000000
200 1000000
200 1000000
200 1000000
200 1000000
200 1000000
200 1000000
200 1000000
200 1000000
200 1000000
200 1000000
200 1000000
200 1000000
200 1000000
200 1000000
200 1000000
200 1000000
200 1000000
200 1000000
200 1000000
200 1000000
200 1000000
200 1000000
200 1000000
200 1000000
200 1000000
200 1000000
200 1000000
200 1000000
200 1000000
200 1000000
200 1000000
200 1000000
200 1000000
200 1000000
200 1000000
200 1000000
200 1000000
200 1000000
200 1000000
200 1000000
200 1000000
200 1000000
200 1000000
200 1000000
200 1000000
200 1000000
200 1000000
200 1000000
200 1000000
200 1000000
200 1000000
200 1000000
200 1000000
200 1000000
200 1000000
200 1000000
200 1000000
200 1000000
200 1000000
200 1000000
200 1000000
200 1000000
200 1000000
200 1000000
200 1000000
200 1000000
38 51 100
17 1
110 1
6 1
169 1
3 1
6 1
126 1
117 1
19 1
145 1
54 1
15 1
175 1
31 1
4 1
144 1
82 1
54 1
70 1
122 1
133 1
60 1
4 1
78 1
64 1
19 1
69 1
52 1
146 1
52 1
175 1
67 1
44 1
52 1
189 1
104 1
136 1
20 1
8 1
69 1
4 1
25 1
114 1
16 1
58 1
89 1
55 1
73 1
83 1
76 1
71 1
114 1
16 1
143 1
2 1
141 1
123 1
9 1
78 1
52 1
84 1
68 1
62 1
189 1
6 1
4 1
53 1
109 1
118 1
59 1
14 1
56 1
7 1
61 1
123 1
10 1
108 1
173 1
38 1
22 1
25 1
70 1
136 1
2 1
80 1
166 1
37 1
22 1
68 1
61 1
55 1
114 1
79 1
75 1
55 1
3 1
66 1
62 1
55 1
84 1
50 59 66
89 95848
65 110227
49 227415
96 187630
100 85879
97 439870
98 359721
65 222954
81 39048
104 416198
69 215130
96 712667
138 17521
6 661652
124 1112
4 12141
86 520099
69 157957
94 436204
67 456678
67 42719
83 39390
155 626546
64 27143
113 17957
76 521121
84 10472
160 6394
9 470847
93 50928
88 283001
84 74548
95 548922
94 689609
106 91342
67 25016
167 325292
6 271271
90 177301
94 272653
108 46965
79 507428
86 3783
85 444643
84 359341
99 192467
107 504269
138 284155
37 686945
75 104245
64 185851
90 92538
60 172171
166 5871
104 48805
91 195191
2 799379
167 182804
16 39210
154 83942
24 208253
60 32165
91 2691
98 19261
71 204112
66 140165
88 26 100
53 1
34 1
53 1
29 1
31 1
31 1
28 1
32 1
35 1
50 1
36 1
53 1
41 1
28 1
39 1
27 1
64 1
30 1
33 1
42 1
33 1
38 1
46 1
30 1
62 1
61 1
35 1
33 1
30 1
32 1
41 1
37 1
30 1
42 1
29 1
80 1
42 1
45 1
37 1
35 1
28 1
60 1
53 1
49 1
32 1
43 1
44 1
42 1
53 1
27 1
46 1
36 1
29 1
56 1
30 1
47 1
27 1
27 1
73 1
33 1
55 1
41 1
37 1
48 1
27 1
36 1
37 1
71 1
39 1
34 1
36 1
81 1
46 1
31 1
29 1
39 1
42 1
31 1
37 1
30 1
36 1
64 1
53 1
35 1
34 1
64 1
37 1
36 1
61 1
49 1
28 1
47 1
57 1
35 1
29 1
58 1
54 1
28 1
27 1
27 1
20 150 7
49 0
50 0
69 0
83 1
101 1
124 0
142 0
20 77 100
159 145549
36 269305
92 95270
182 91593
89 173034
89 210204
93 196737
83 4097
170 449936
2 223607
96 641882
87 803080
171 13955
113 518828
160 656946
82 458595
1 150973
92 503283
95 71472
89 196120
83 211209
97 352271
88 272571
186 140298
83 147040
173 252745
84 223696
20 92803
78 249272
86 209532
78 252113
160 80678
170 36374
27 226415
191 11876
90 171979
159 620488
87 90569
81 186856
12 292129
88 6234
82 40799
79 632935
89 86750
92 21530
89 146252
93 244328
83 35563
87 129462
95 152617
88 574575
84 180503
82 17481
85 289960
89 270570
174 116524
38 217014
81 156728
166 269337
16 133704
84 827458
84 40163
92 16758
158 524708
6 36215
81 7399
174 251970
163 598572
37 67356
86 749353
85 307442
184 5464
84 62337
157 125412
8 230315
97 654094
85 404510
95 614681
92 122004
85 258181
78 610006
95 527391
86 454684
188 37822
88 258433
82 128730
78 29542
86 365792
96 524943
88 11578
156 78035
15 325646
163 105590
17 77145
85 10671
80 49737
90 198643
79 83568
95 884757
176 120196
22 41 100
13 47647
87 455626
16 146660
194 572780
133 2874
150 34056
17 356663
20 14068
164 352282
18 435592
2 213217
9 607131
106 369025
48 375244
161 286204
63 2376
63 320884
68 485404
1 196339
44 160276
83 392252
67 7809
100 96156
163 343114
2 50842
87 105111
94 52631
8 233947
43 73696
135 230731
12 598604
7 91178
60 73860
41 218086
118 472122
52 16667
56 336333
83 16582
102 509437
68 348140
5 201968
47 57715
144 156026
13 399590
188 351693
23 39990
119 440475
56 391996
100 515969
10 66206
56 463596
4 126133
44 634157
83 326548
74 85276
128 736537
16 73956
60 331700
51 126416
9 123576
194 95992
81 288205
2 31708
102 81094
137 20632
48 519249
164 154889
1 43878
106 10503
12 221864
66 80182
143 272232
70 579439
89 127952
20 402731
18 66599
1 826030
62 264164
12 155718
44 149186
92 102419
47 85184
7 13572
83 406255
127 585343
5 412602
2 791881
58 223205
176 521590
114 599520
40 82768
126 150384
1 84088
22 138843
99 52977
21 92986
1 537864
16 105709
44 120553
160 67971
54 111 59
150 1
11 1
139 1
156 1
132 1
117 1
137 1
115 1
128 1
146 1
124 1
154 1
126 1
153 1
147 1
125 1
117 1
124 1
118 1
125 1
152 1
112 1
163 1
122 1
124 1
117 1
136 1
114 1
121 1
118 1
126 1
139 1
133 1
121 1
113 1
149 1
133 1
142 1
115 1
124 1
114 1
133 1
117 1
114 1
129 1
131 1
121 1
145 1
145 1
121 1
164 1
133 1
126 1
137 1
115 1
135 1
146 1
126 1
160 1
22 157 7
60 303876
97 60147
99 122982
113 488613
116 839
136 98853
155 239813
25 32 57
8 1
48 1
93 1
133 1
81 1
46 1
116 1
9 1
87 1
12 1
8 1
66 1
146 1
24 1
50 1
59 1
22 1
25 1
11 1
32 1
64 1
43 1
114 1
93 1
3 1
36 1
83 1
27 1
42 1
40 1
88 1
3 1
146 1
33 1
28 1
35 1
13 1
106 1
51 1
41 1
90 1
6 1
25 1
3 1
100 1
58 1
98 1
32 1
6 1
37 1
131 1
32 1
86 1
9 1
52 1
5 1
78 1
93 69 100
16 907967
1 429049
6 189519
37 9533
157 157043
28 20538
47 626254
22 254456
4 213251
1 433264
2 584753
3 4273
52 200
16 139579
22 58232
86 242451
61 459193
6 36916
49 737721
46 178087
79 849189
49 1476
34 241891
84 167079
22 280917
58 391890
18 81892
164 45480
87 216058
8 54410
169 47840
3 145628
3 65868
85 92551
142 559203
1 108604
31 158162
14 132972
2 122591
35 76965
36 111374
62 3744
3 509381
23 896057
159 156596
3 552274
2 46225
9 82415
89 80618
70 600224
84 966
6 122579
84 414712
101 36605
27 181790
11 420324
116 31707
34 514281
27 376548
42 537353
55 104181
117 754520
28 567663
148 460470
162 90825
72 34461
81 99592
56 739605
91 7422
7 75562
32 45689
15 131524
126 3083
34 911477
54 56716
43 99129
14 733532
14 60324
5 140552
20 509257
13 42459
72 201599
125 61619
4 416227
14 518868
80 41047
65 7456
24 43470
5 32539
96 488329
63 14149
63 66146
18 645076
2 236932
67 2094
18 113881
142 497555
41 131983
16 150456
33 65525
28 86 3
44 38750
81 294872
86 111749
20 50 1
200 109333
20 74 100
24 1
34 1
26 1
22 1
26 1
25 1
25 1
30 1
32 1
31 1
23 1
28 1
21 1
27 1
24 1
22 1
30 1
30 1
30 1
23 1
22 1
21 1
26 1
26 1
22 1
23 1
22 1
26 1
30 1
27 1
31 1
25 1
38 1
23 1
37 1
23 1
23 1
24 1
22 1
23 1
27 1
27 1
25 1
21 1
23 1
22 1
25 1
31 1
26 1
22 1
23 1
31 1
21 1
25 1
22 1
22 1
35 1
27 1
21 1
33 1
21 1
28 1
23 1
21 1
26 1
23 1
21 1
34 1
29 1
26 1
21 1
22 1
29 1
29 1
23 1
24 1
30 1
21 1
23 1
22 1
21 1
23 1
22 1
22 1
36 1
22 1
32 1
25 1
26 1
22 1
22 1
21 1
26 1
22 1
25 1
21 1
23 1
21 1
25 1
21 1
78 84 100
4 51778
137 249230
146 178617
104 599397
119 100561
136 17611
107 900823
146 393699
114 118055
106 23371
90 789559
106 562340
146 110691
102 205665
150 570264
93 78854
180 809597
92 36544
11 637088
101 66128
96 192581
118 163219
108 640408
143 40345
113 424578
101 90472
90 259878
95 108338
87 556695
87 369830
136 189728
129 700029
118 80095
125 33400
102 137759
124 20312
116 305175
161 520849
87 59919
87 98661
145 323102
103 64306
153 139023
110 486118
189 149828
24 138156
150 34695
110 73492
104 206291
91 642178
107 237144
88 524814
119 40935
95 64214
123 725770
132 60945
143 110930
30 12391
111 80960
88 73489
130 369715
155 251385
118 829937
133 85234
108 274452
105 502231
128 484481
150 784794
110 97583
111 75742
95 652562
124 338289
143 31435
134 65538
123 102055
142 478140
98 638854
90 147836
120 88745
115 1760
150 87891
140 266078
87 8692
138 291125
89 80725
147 168190
116 98447
128 49283
132 279152
115 150301
151 200786
109 804021
130 144085
160 157538
124 247916
93 136263
123 373929
148 91608
187 177096
124 96442
24 20 100
193 106682
192 45131
190 50940
191 353754
190 410677
190 127028
190 237260
191 380817
193 201765
191 131144
198 71160
191 377742
190 13155
190 130441
191 174638
192 268531
195 65764
193 178812
191 297841
199 60048
192 384597
197 130500
190 34603
193 286994
193 65178
193 365580
193 271351
190 89673
193 245690
190 450073
193 419484
192 1570
192 641474
191 218005
192 661535
190 286815
190 73215
191 105568
194 34263
190 406493
193 12826
200 88432
190 12660
190 122237
193 27492
191 870918
191 380656
192 233506
190 26713
190 77008
190 5547
196 36582
191 147596
190 649570
198 21829
190 19223
190 540728
190 58283
190 188754
191 211874
192 46297
190 10455
191 28631
192 79414
190 149514
195 64256
192 1868
193 54349
195 59411
190 518345
197 76464
190 7198
194 100497
190 821568
190 23489
196 23882
195 160311
190 500195
197 4587
194 319144
192 181341
190 823223
190 217279
191 68124
193 85522
190 218912
194 240646
191 114170
198 115961
192 38160
190 282769
192 622288
192 121033
195 5637
193 451391
194 276557
191 570532
193 159222
191 198121
193 211761
125 24 100
19 0
46 0
7 0
8 1
3 0
31 1
91 0
6 1
15 0
38 0
56 1
101 2
65 0
61 2
111 0
34 0
92 0
18 2
21 0
57 0
111 0
78 0
39 0
2 0
16 0
115 0
3 0
35 0
99 0
56 0
11 0
44 0
4 1
75 1
85 1
96 2
94 0
121 2
89 0
7 0
164 2
49 0
39 0
93 1
45 0
34 1
22 0
1 2
137 0
40 0
3 1
6 1
90 0
143 0
14 2
25 0
97 2
26 0
120 0
75 0
64 2
21 0
66 1
52 0
134 0
41 0
57 0
63 0
19 0
135 0
58 0
12 1
4 0
18 2
84 1
101 2
32 1
91 0
5 1
11 1
80 0
115 0
6 0
131 0
34 0
20 0
92 0
37 1
19 1
34 0
44 1
64 0
16 0
56 0
21 1
7 0
7 0
24 0
46 2
15 0
22 67 52
84 153589
154 68895
35 181962
73 454289
76 353518
85 31256
168 28983
82 496142
152 804039
11 731742
136 93197
11 195778
69 20675
88 166307
135 73000
5 347016
82 610712
78 444346
80 110055
68 91396
85 54881
85 216519
147 15223
21 19429
70 33189
146 215
22 422102
141 197337
1 106556
80 2139
139 640464
45 129699
162 14013
89 237538
143 2338
90 565832
80 122987
79 63656
78 20527
146 159420
4 61676
74 183293
80 36268
84 45421
142 60046
16 185593
88 38077
74 412071
72 494449
145 65986
14 93896
157 42814
41 43 100
42 1
42 1
42 1
43 1
42 1
42 1
42 1
42 1
42 1
42 1
42 1
42 1
43 1
43 1
42 1
43 1
42 1
42 1
42 1
43 1
42 1
42 1
43 1
42 1
42 1
42 1
42 1
42 1
42 1
43 1
42 1
42 1
42 1
43 1
42 1
42 1
43 1
42 1
42 1
43 1
43 1
42 1
43 1
42 1
42 1
42 1
43 1
42 1
43 1
42 1
43 1
42 1
42 1
43 1
42 1
42 1
42 1
42 1
42 1
42 1
42 1
42 1
42 1
43 1
43 1
42 1
42 1
43 1
42 1
42 1
42 1
42 1
43 1
42 1
42 1
42 1
43 1
42 1
42 1
42 1
42 1
42 1
42 1
42 1
42 1
43 1
43 1
42 1
42 1
42 1
42 1
42 1
42 1
43 1
42 1
43 1
43 1
42 1
42 1
42 1
70 126 1
90 0
20 155 7
108 0
43 1
73 1
82 1
140 1
122 0
153 0
25 58 52
2 1
69 0
59 1
63 1
68 0
76 0
73 0
74 2
71 1
136 0
6 2
83 1
78 1
156 1
75 0
63 0
127 0
4 0
155 1
64 0
60 1
79 0
73 2
186 0
14 0
4 0
131 0
74 0
24 0
119 2
3 2
127 0
139 1
83 1
9 0
5 0
73 0
64 0
76 0
148 1
67 0
77 1
195 1
36 0
61 0
61 0
77 1
73 1
165 0
186 0
16 1
22 0
21 20 100
190 27680
192 17127
192 139582
191 550898
195 203035
197 49241
190 649887
192 13822
192 213997
191 331993
191 35860
190 28775
191 558714
191 9541
191 7022
190 544820
193 23743
190 462471
192 274084
195 78987
192 157661
190 185791
194 24047
194 132054
191 253894
191 20945
190 282489
190 285632
192 229015
191 146842
191 475095
190 52024
191 103568
193 368742
199 12022
195 935327
191 389124
194 69446
191 24954
194 56288
195 370797
193 231861
197 122608
196 138323
191 2358
193 23144
192 551785
194 373722
198 130240
190 89840
190 233145
191 266164
191 380927
191 56629
193 9844
190 8654
190 284898
193 66609
190 314573
190 359854
190 88836
190 324381
190 569856
190 202750
197 1756
191 528017
190 354084
190 123533
195 270778
192 373178
191 37119
192 3432
190 633603
191 263636
190 113172
190 30512
191 300802
196 123815
192 12401
191 135392
197 626966
193 161522
196 203194
198 824073
196 55857
194 45421
192 9744
191 126189
191 170878
198 688012
190 558575
195 423949
190 209902
191 349850
190 595509
190 328898
197 555967
196 226995
191 199803
193 295973
41 45 53
39 1
67 0
159 0
23 2
131 0
164 2
36 1
93 2
36 0
19 0
11 0
58 0
41 0
181 0
10 0
27 0
101 0
19 1
66 0
51 0
11 0
77 0
68 0
77 1
155 1
57 2
24 0
32 0
79 1
86 0
74 0
114 0
2 1
81 0
49 1
129 0
1 0
130 0
65 0
22 0
50 0
67 1
58 0
93 0
11 0
181 0
88 0
51 1
17 0
84 0
16 1
154 0
10 1
39 84 59
5 621019
89 216937
110 13583
88 4993
96 55227
92 473988
113 45634
104 88258
87 798711
89 345121
97 165316
87 75095
119 121908
85 256576
104 360729
87 85515
94 442045
95 587465
110 205472
199 263934
11 831320
118 257192
107 160956
177 65165
4 87191
88 294943
102 328000
117 88099
90 403333
121 560667
87 281571
179 430069
88 376180
9 323523
2 9864
96 14944
101 58962
123 31094
101 184913
94 278809
105 48203
92 365202
100 479723
122 2484
122 311854
117 281854
106 30779
112 139028
111 31743
91 49253
108 89577
96 128703
108 185646
117 305876
106 1035
85 404646
112 48826
97 550146
108 1433
21 22 100
196 78859
191 914173
193 125485
191 660552
191 553078
190 33133
196 703980
191 345156
190 65449
192 571389
190 160842
195 19598
192 797434
190 213943
192 5347
190 257471
193 582571
191 80329
193 80201
191 72992
191 155378
190 898029
190 439954
194 369297
191 313723
197 78712
190 141973
190 664745
190 689207
191 447860
193 241934
194 488900
190 148202
193 375764
194 38078
192 102463
194 262117
191 22199
192 43498
194 231581
192 480327
191 152311
193 648054
190 243619
190 458319
191 166590
192 68124
190 160580
194 392469
194 743151
191 62800
190 49511
196 392492
190 349693
195 7228
192 211384
195 18306
194 288031
193 215706
193 612967
193 55226
196 163237
192 203056
191 227095
191 119405
191 605584
192 79733
190 486744
194 136061
191 187151
190 5996
196 19660
195 176710
192 437180
192 168777
196 39969
191 329950
190 846591
190 78479
194 276590
194 53490
190 196640
197 178098
193 6048
190 100974
192 396042
198 19541
190 673749
192 56830
190 84623
193 243783
191 117854
193 71129
192 99244
191 456413
190 198200
196 414383
191 605850
191 133278
191 572875
23 21 100
192 424294
190 399111
197 30303
194 149998
193 59589
191 130188
193 538617
190 55647
190 409849
192 747255
190 120289
190 7658
199 276914
193 267816
190 209311
194 39958
190 327470
191 146406
190 126380
196 185776
190 652756
200 22256
191 483392
197 19165
191 44654
196 224897
194 315791
190 118342
194 3587
193 129720
190 58816
192 12830
195 107541
191 415591
193 192
194 299615
191 504270
191 9272
194 790694
196 321964
199 789483
193 124977
195 44929
190 39680
191 356866
197 143657
194 429959
190 56932
197 100722
196 95218
195 309955
193 9109
193 237306
190 95959
190 221858
190 11509
192 352489
192 218714
196 377015
193 160097
193 40468
197 113612
192 221338
200 154797
193 37353
191 233250
191 269882
195 67539
190 640
190 332943
192 204223
191 70054
193 150687
194 385168
191 173819
191 798827
192 202669
191 280244
190 200264
193 174979
190 29518
193 256249
190 794409
192 92835
197 327046
194 783738
191 348821
190 50770
196 152525
196 16377
192 66270
195 133270
191 97937
192 299278
191 391339
190 192298
191 358959
195 600936
190 158969
196 86229
20 91 52
15 160134
98 414428
110 65353
92 95772
185 3000
15 36702
102 48936
110 550485
107 240920
100 135348
101 67408
107 370910
98 32108
100 59091
93 159669
189 426754
18 107583
111 98956
98 140098
110 304878
94 72585
100 695330
93 94759
93 39189
107 18447
110 641237
105 194265
93 348931
79 807351
111 591139
98 606792
96 24903
100 69571
99 118454
93 77335
102 40698
97 167575
97 368792
94 237234
99 429424
92 165402
109 179552
101 70460
110 94001
99 119387
106 426213
100 19554
109 536385
104 62868
108 635331
101 80116
98 228741
53 44 55
76 1
5 1
136 1
22 1
24 1
72 1
117 1
25 1
67 1
102 1
83 1
40 1
66 1
50 1
82 1
66 1
64 1
132 1
26 1
55 1
146 1
20 1
27 1
86 1
114 1
35 1
64 1
98 1
3 1
110 1
20 1
16 1
101 1
68 1
25 1
125 1
75 1
40 1
50 1
150 1
1 1
134 1
39 1
17 1
73 1
40 1
138 1
88 1
8 1
84 1
8 1
81 1
65 1
151 1
117 1
26 21 100
190 313197
190 266341
190 715
191 11867
195 7831
192 138465
192 268232
191 452479
191 458199
192 19916
190 668358
190 65109
196 215899
196 796227
190 153229
191 439832
198 76992
190 90762
198 878538
192 322369
193 504688
191 261254
190 344649
198 94478
197 122346
192 357628
190 25880
195 182557
197 658978
192 226375
195 424944
195 6918
190 56996
193 5867
197 52532
191 100948
193 809257
192 596162
190 360286
192 278118
193 239363
197 103565
190 119036
192 156820
195 651763
191 414288
190 400110
192 163440
191 932973
192 27047
193 21883
190 52345
190 572480
191 528691
191 145874
194 493429
191 261744
193 153574
194 97533
192 207866
191 93962
190 740252
193 6048
194 298282
192 251733
190 54063
193 370509
193 691581
190 377941
192 53603
191 158012
197 105492
190 553881
192 491379
192 67540
193 452356
190 310728
192 586512
190 317404
191 411795
190 7229
193 173320
192 7177
191 157848
191 293740
190 884723
194 564924
191 290834
192 231168
190 62996
197 137233
195 304
192 109369
190 74522
190 629934
197 77726
190 2184
190 114132
192 783460
192 54438
22 44 63
52 1
70 1
121 1
120 1
46 1
101 1
1 1
59 1
123 1
49 1
57 1
47 1
91 1
13 1
45 1
63 1
50 1
62 1
95 1
12 1
113 1
168 1
5 1
59 1
101 1
1 1
181 1
148 1
13 1
6 1
67 1
44 1
47 1
90 1
72 1
107 1
73 1
117 1
57 1
110 1
72 1
156 1
20 1
90 1
64 1
20 1
111 1
97 1
11 1
168 1
84 1
103 1
19 1
119 1
52 1
60 1
164 1
3 1
128 1
117 1
124 1
50 1
123 1
40 55 100
100 1
24 0
117 0
84 1
23 0
104 0
29 0
107 1
31 1
14 2
15 0
6 0
52 0
24 0
119 0
72 1
3 1
74 2
50 0
29 0
3 2
7 0
86 1
62 0
44 1
9 1
11 0
13 0
118 0
23 1
176 0
12 0
52 1
4 0
45 0
21 0
13 0
7 0
11 0
28 1
34 0
73 1
50 0
126 1
33 2
21 0
143 1
34 2
3 2
2 1
43 0
63 1
1 0
31 0
46 1
18 0
43 0
59 1
25 1
10 1
10 0
3 2
52 1
31 0
144 0
11 1
64 0
25 0
156 1
6 0
49 0
1 0
10 0
87 0
85 1
15 2
40 2
49 1
10 2
8 0
99 0
11 2
69 0
122 0
153 0
7 0
63 2
31 1
101 0
34 0
3 1
61 1
14 0
46 0
4 0
111 0
24 0
15 0
23 1
23 1
26 20 100
195 318218
192 6850
190 159458
193 113915
191 397462
192 53945
194 202696
196 275169
190 40351
191 56348
190 632420
190 128859
191 264890
190 8142
192 165857
191 118920
190 62188
190 295808
190 571271
192 610966
196 431135
192 11895
190 511007
192 169918
190 181956
192 143274
191 18308
190 70219
196 518676
190 326855
191 134643
191 80881
191 3226
194 73208
192 11293
190 260030
192 11368
190 234788
190 11150
193 731687
195 12591
196 672283
190 109677
190 263020
191 464959
196 700999
195 565233
195 126025
191 222886
190 74918
190 22433
195 187946
191 105776
190 120775
190 151663
195 269327
196 1124
190 382578
192 175088
193 251731
193 61305
190 196398
190 281109
191 33513
192 232021
190 69185
192 514608
194 261564
190 168674
190 627918
191 111587
195 727030
194 157581
190 12760
198 56606
191 340312
193 379200
190 159943
193 272607
193 794
194 16025
191 16703
193 461036
190 43204
198 620375
192 632200
191 378562
195 241391
193 99327
190 382386
190 303536
191 98496
193 739882
192 22197
191 129622
192 34361
195 86624
191 703304
190 429319
190 48751
23 20 100
199 84809
197 701681
195 396
198 321499
194 19593
192 54047
195 185633
194 200540
192 874208
192 66182
191 38545
190 616945
193 430826
192 42879
196 395681
199 493265
192 86322
190 111758
190 448416
190 4963
190 508348
190 225782
196 1009
191 27303
196 317464
197 570991
194 295331
190 267917
194 673297
195 36155
191 227735
193 361475
190 132484
196 914450
192 22387
191 75874
191 41569
190 163239
195 229359
191 18753
197 93490
190 130269
197 28453
190 363780
191 261674
191 120943
192 132380
190 30514
194 117149
190 296685
193 60387
191 501609
190 675522
193 180
195 77366
193 424198
192 147607
196 326461
193 446841
190 153800
191 17337
191 85001
194 226982
190 178325
191 895426
196 93
193 182815
198 68534
192 606116
192 203975
192 52666
190 13520
196 463740
190 94301
196 24471
197 235744
195 37108
190 79355
191 339118
190 321409
193 142139
193 104301
191 691032
192 197718
190 121784
191 226122
192 2381
190 904128
198 68627
190 20361
194 462926
191 658109
194 40767
192 44349
190 84238
192 130616
190 408782
192 101339
192 352464
190 107251
98 38 11
1 0
44 0
12 0
23 0
70 0
55 0
38 0
26 1
25 0
27 0
112 0
50 103 100
11 1
148 1
124 1
135 1
109 1
128 1
126 1
132 1
108 1
142 1
145 1
118 1
123 1
111 1
141 1
118 1
122 1
106 1
117 1
126 1
110 1
130 1
133 1
124 1
108 1
109 1
114 1
116 1
108 1
128 1
115 1
131 1
128 1
108 1
138 1
141 1
106 1
118 1
114 1
122 1
129 1
125 1
111 1
141 1
117 1
133 1
110 1
136 1
118 1
122 1
119 1
126 1
111 1
73 1
141 1
112 1
107 1
145 1
116 1
123 1
123 1
105 1
149 1
130 1
134 1
122 1
138 1
105 1
145 1
105 1
135 1
110 1
135 1
113 1
106 1
136 1
120 1
141 1
129 1
138 1
121 1
120 1
152 1
126 1
115 1
123 1
107 1
111 1
104 1
107 1
120 1
118 1
107 1
113 1
119 1
112 1
116 1
106 1
117 1
149 1
86 42 71
116 1
58 0
3 1
38 0
136 0
1 2
5 0
67 0
74 0
45 0
67 0
172 2
20 0
161 0
16 0
100 1
108 1
49 2
156 1
78 1
28 0
26 2
13 0
19 0
52 0
2 2
8 0
14 2
56 0
94 2
28 1
57 0
92 2
49 0
39 0
113 1
6 0
44 0
49 1
53 2
45 2
102 2
45 2
31 1
72 0
117 0
29 0
62 0
98 0
40 1
110 0
38 1
74 1
56 0
84 0
146 1
15 0
11 0
73 1
95 0
1 1
75 0
74 0
64 2
68 0
151 0
1 0
2 1
126 0
50 0
26 0
25 155 6
64 0
73 0
97 1
102 1
130 0
154 0
22 22 100
200 5736
191 36750
195 604289
190 112377
191 213061
190 706810
193 131216
193 247249
190 304326
200 226349
191 16542
195 14353
192 13744
190 156901
196 389692
192 135518
190 137984
198 381749
195 268573
192 462650
199 344879
193 224917
192 496318
190 20864
192 434667
194 541140
191 799432
190 121109
193 160665
190 114016
190 204542
191 386185
193 401446
190 165150
190 33139
190 815738
190 262790
198 587083
190 568021
191 557387
196 140622
191 258228
191 710164
194 310463
194 544539
190 720163
192 2938
198 31142
191 199442
193 158956
199 808232
191 245947
192 136745
190 332806
190 804334
190 34435
190 806994
191 141186
191 165309
193 474660
192 255577
190 84501
193 289127
191 236009
191 606445
190 619685
192 83394
195 33148
190 120663
191 83264
194 68862
190 115917
196 106380
191 177326
200 28579
193 154219
195 49690
193 688981
194 191851
193 274431
192 21390
190 114542
195 39820
200 13247
191 26420
193 540441
193 153850
190 101352
190 105318
192 561307
191 522800
193 234351
190 266643
195 409831
198 795373
191 177295
196 21379
196 153468
195 9341
190 165928
105 159 1
109 0
21 21 100
193 450158
193 300025
196 331876
190 387736
194 6246
192 11639
191 113643
197 640848
196 568396
192 9671
192 68413
193 92011
190 31028
193 95601
192 57989
193 155992
190 612629
195 509010
190 411688
195 112445
193 186897
192 801004
191 270667
194 507630
191 70133
192 472325
198 5188
191 11187
192 35746
193 3090
191 42749
197 243180
197 13057
190 373976
190 540092
191 335225
190 2120
192 264014
191 52550
193 332094
197 445850
190 149713
195 897295
195 220465
197 107160
196 70805
194 42928
196 9946
194 121437
200 80431
197 1201
196 7031
190 108837
194 48221
193 122977
195 520625
197 324755
192 857275
190 198620
190 268391
193 291408
190 3013
192 388025
191 178305
191 295292
192 281562
191 351144
195 203937
194 219912
194 384932
191 511631
194 34619
190 274975
195 211272
194 214157
192 154528
195 268072
193 355755
192 391252
191 166537
191 385591
198 352533
192 148339
198 172109
190 76780
195 634955
197 59748
197 4458
193 377338
193 496724
191 171112
190 166123
190 45096
199 694261
193 299796
190 177446
191 259232
194 88199
191 38833
190 591604
21 77 69
100 795789
83 481045
88 18337
80 294857
155 246364
85 338274
1 661763
88 721927
156 146768
6 47203
98 339990
78 503866
83 510815
170 5813
104 377678
97 6751
78 808444
84 41910
182 141612
95 485582
97 133685
86 135334
82 315000
158 30364
161 455320
27 72571
91 236277
79 251973
79 118660
85 252834
187 468839
166 69733
7 142927
185 19906
94 343146
96 26234
81 664158
180 151658
24 667664
79 260867
93 221496
93 204135
80 151059
92 89804
87 181450
157 141058
21 490544
90 297619
83 110656
168 19705
80 25500
1 14350
81 263036
89 362076
90 35534
182 164961
91 235716
81 29484
92 146729
82 79104
94 286847
92 439088
98 84708
86 284218
87 13349
84 104015
159 224664
99 78234
92 730248
20 50 2
10 2
80 1
42 55 100
61 2627
168 63525
118 193960
29 371552
82 306489
58 312892
133 650198
43 324444
108 72040
2 158407
155 708909
63 484541
163 118951
129 20549
8 36003
85 480290
77 154904
86 518343
73 120436
135 347411
18 864336
144 647354
56 538995
160 178176
5 940150
88 272832
91 41727
159 145064
57 115362
76 525416
118 163317
2 46390
176 48419
13 3721
128 559968
23 441886
41 72349
61 550557
119 99536
20 53521
78 736449
66 115902
170 157982
55 208586
95 119375
112 48486
138 192904
89 251846
37 172706
21 6230
116 227035
126 31080
78 87715
15 53842
1 755821
182 146361
42 117369
187 2642
6 133969
97 783095
18 114498
39 319202
93 104344
86 180019
85 387072
78 1710
57 305672
83 1830
60 44411
112 82405
5 266570
69 58094
181 185052
122 25970
116 67229
16 384274
14 680878
11 475525
5 25600
69 403846
56 620018
61 151560
56 857267
119 24196
5 84078
138 187561
49 527288
178 1778
27 156581
10 333993
155 85257
66 559792
67 157436
65 220762
88 303455
124 9089
16 103899
135 76687
61 123642
2 854519
82 94 10
1 1
126 1
1 0
10 0
12 0
70 0
33 0
37 0
126 0
138 1
54 55 100
52 0
58 0
59 1
162 1
62 1
23 0
57 1
84 0
97 1
57 0
101 0
81 0
84 1
72 0
80 0
62 2
107 0
98 1
167 2
80 0
21 0
84 0
43 2
116 0
90 1
161 0
1 0
43 1
71 1
106 1
68 0
109 0
183 0
95 1
93 0
57 0
12 0
135 0
128 0
15 0
1 1
22 0
93 1
88 0
116 1
91 1
104 0
34 0
158 0
87 0
12 1
58 0
76 2
100 0
138 1
87 1
6 0
56 1
61 1
107 0
125 0
11 0
65 1
160 0
46 0
57 0
97 0
151 0
23 0
87 0
58 0
57 0
123 0
25 0
118 1
33 0
56 1
130 2
7 2
107 1
68 0
65 0
104 0
161 0
45 0
99 1
79 0
169 0
16 1
96 0
53 2
70 0
121 1
11 0
63 2
134 1
107 1
10 0
146 0
82 0
50 54 1
51 520289
29 145 3
58 20864
59 6382
96 141591
24 22 100
192 24661
194 195651
198 590288
196 286573
193 668222
192 820987
194 420771
195 269050
190 176035
196 562010
190 83285
191 192564
191 795824
190 267678
191 13325
198 8451
198 22739
191 383685
190 26061
191 164741
191 30632
190 241839
190 254947
192 723472
196 98575
190 45035
194 179713
196 349834
197 234546
192 146547
190 253795
199 303000
190 24633
191 242003
193 49853
191 202548
193 22714
190 87393
191 16082
191 807240
191 111161
192 549940
191 108946
190 15289
190 11618
194 190568
193 440331
190 223495
193 5771
191 166191
195 63422
194 146079
192 103084
190 340268
190 394789
194 220066
195 702578
191 124232
190 238295
192 781
190 146075
193 80258
190 235477
190 391304
193 447087
190 329189
191 707067
191 673940
190 356052
197 171856
192 140890
195 235092
192 219524
193 59837
191 19655
191 314663
196 4168
190 353155
190 391112
191 38752
193 81840
193 121360
190 144245
195 123352
191 421608
190 44064
193 310938
196 229035
190 340590
193 421942
194 3693
190 164468
192 266450
194 51718
194 352732
190 107813
191 300177
196 221486
192 188771
197 751040
25 21 100
198 98955
191 274939
190 23846
194 217856
190 22335
194 33004
190 572543
195 626154
190 184887
196 79533
191 34076
193 423524
190 204158
194 48832
196 682600
190 121763
196 66006
192 37568
191 370121
196 109252
192 357063
191 249277
190 220067
191 496174
195 639647
197 199009
190 212872
193 420479
191 901699
192 35283
194 146911
194 309236
192 75669
190 59218
190 51273
190 24285
190 224693
190 191551
190 29775
196 305045
190 666358
191 728839
191 6784
195 130839
192 213894
190 308011
192 140189
193 195543
197 556570
193 537952
197 812736
190 391495
192 221447
191 98437
200 43727
191 775
190 150278
190 4722
197 45197
190 468474
191 544788
190 25948
190 33947
190 33536
192 794437
190 557278
194 249147
193 4517
191 581472
193 155007
194 222984
190 22356
196 77675
190 13980
195 133963
196 91819
192 30382
193 635500
193 191209
194 77004
190 805719
191 110326
191 16821
196 402510
191 548066
190 547782
191 709169
193 528255
191 702597
191 785759
190 194806
197 651214
190 96664
192 188304
192 19355
195 436941
192 114377
197 55223
190 81487
197 25911
20 22 100
197 757284
190 472365
192 354052
191 620793
192 28622
196 365293
190 603938
191 577773
192 85087
191 416952
193 225992
193 56338
192 167865
195 639108
191 103842
191 378523
191 138592
194 319451
190 10576
193 410549
193 121832
196 508669
191 198733
190 864381
190 246623
199 408559
197 507607
196 143589
194 48832
200 645291
192 33251
193 11274
193 764972
190 26259
194 460312
191 186751
190 12242
196 220845
192 330379
190 9313
190 214245
191 378983
190 144597
190 95136
190 51652
190 359008
190 25248
190 92102
192 392203
193 125668
197 855836
195 580929
191 125644
190 183460
191 237736
190 267770
190 352340
191 72895
192 51500
193 68548
198 20200
193 539737
197 165749
190 61949
193 315647
191 22624
190 634864
191 169441
193 341117
194 167710
196 164439
190 441282
191 99129
193 37311
190 13312
190 369690
192 101156
192 210871
191 412642
198 571637
194 548309
194 60512
191 549947
194 124021
194 80834
194 55147
190 93942
192 88253
194 585161
191 612804
190 68099
190 6738
190 130894
194 60866
193 130047
190 609791
191 36999
196 109302
192 28873
194 42712
45 68 100
1 1
7 2
17 2
10 2
26 1
1 1
2 2
10 1
12 1
35 1
12 1
16 1
25 2
5 2
3 1
10 1
1 2
14 1
3 1
25 1
22 2
17 1
19 1
16 1
23 1
15 1
28 1
9 2
9 2
36 1
29 1
2 1
1 2
6 1
13 1
1 2
17 1
6 1
30 1
3 1
12 1
1 2
2 2
2 1
25 1
3 1
16 1
19 1
6 1
8 1
14 1
32 1
7 1
1 1
9 1
11 1
42 1
4 1
2 2
2 1
19 1
9 2
18 1
35 2
20 1
4 1
3 1
19 1
22 1
4 2
7 1
12 1
18 1
10 1
20 1
2 1
1 1
2 1
5 1
4 1
3 2
1 1
27 1
21 1
2 1
14 1
9 1
14 1
23 1
13 1
8 1
14 1
3 1
30 1
2 2
9 1
1 1
4 1
19 1
22 1
20 50 2
10 1
80 2
22 166 7
142 1
58 0
67 1
117 1
115 0
142 1
161 0
32 35 1
33 303029
34 39 55
122 479
6 270923
14 136363
5 260813
41 84366
92 875197
59 172872
27 673084
72 223595
151 623412
68 11568
13 97716
10 387014
44 58582
42 650
171 74344
64 65027
158 111138
38 520420
58 13753
106 101567
93 31433
8 17574
37 424969
1 293040
7 645130
10 72037
57 218059
67 185599
120 110661
65 5391
16 262892
22 107029
54 176067
55 142282
97 45767
30 136892
58 213469
104 610979
16 212289
82 645855
45 19100
46 549660
12 218265
68 189383
145 276064
12 928972
5 104142
58 182437
128 60312
37 486758
53 61772
89 45217
49 463864
6 44398
25 22 100
192 257968
194 272100
190 216155
191 64311
191 26031
191 178352
191 220434
195 444046
190 151642
192 29682
194 548588
197 62000
193 555307
190 35183
198 39270
192 140027
191 151010
197 99413
191 86102
191 148762
191 490684
193 281017
195 287866
196 706
196 438682
193 175019
197 506768
200 470692
194 27178
190 209081
190 28638
193 649179
191 175394
193 105276
190 27474
194 76353
195 319341
192 822281
199 151761
196 493889
192 118023
199 68545
193 377208
199 15621
190 32431
193 768603
190 738134
193 12476
194 109782
194 212843
190 283492
190 98973
195 36402
190 23747
195 243677
192 78284
190 18442
191 280708
198 393753
192 571278
195 185966
192 40098
191 27677
190 47182
190 355340
191 618050
199 177572
196 137912
192 6343
191 140258
199 401044
193 456623
190 542238
193 81690
190 232455
190 165291
191 851520
193 17321
193 45119
191 499431
193 276450
191 554866
190 178142
192 403245
192 283314
194 360458
190 306030
196 251072
195 311297
196 111781
196 294434
190 42067
195 113360
191 704935
190 42568
192 782596
194 373049
192 79417
190 21903
193 489929
34 46 100
4 1
51 1
48 1
65 1
138 1
66 1
64 1
54 1
108 1
10 1
50 1
62 1
106 1
25 1
73 1
58 1
123 1
59 1
83 1
66 1
126 1
10 1
111 1
56 1
58 1
23 1
73 1
133 1
59 1
78 1
66 1
93 1
117 1
110 1
122 1
70 1
28 1
118 1
130 1
125 1
3 1
153 1
29 1
10 1
3 1
70 1
54 1
81 1
84 1
51 1
35 1
108 1
88 1
70 1
78 1
99 1
18 1
57 1
53 1
112 1
18 1
70 1
132 1
127 1
63 1
66 1
59 1
68 1
73 1
100 1
21 1
130 1
138 1
52 1
106 1
62 1
9 1
49 1
56 1
54 1
71 1
95 1
144 1
53 1
36 1
5 1
79 1
168 1
44 1
158 1
55 1
41 1
159 1
57 1
38 1
47 1
141 1
137 1
16 1
1 1
129 30 100
3 0
139 0
24 0
58 0
26 0
178 1
4 1
24 0
145 0
47 0
1 0
13 0
37 1
167 0
54 1
17 0
97 1
23 0
1 1
79 1
2 0
74 1
3 1
30 0
1 0
101 0
1 1
126 0
60 0
4 0
45 0
13 0
12 0
59 0
193 0
80 1
4 0
36 1
94 0
7 0
71 0
2 0
13 0
4 1
42 0
84 0
8 1
24 1
38 0
29 0
132 0
15 1
47 0
23 0
102 0
124 1
22 0
9 0
43 0
2 0
7 1
152 0
14 0
28 0
148 0
21 0
73 0
37 0
62 0
81 0
184 0
61 1
97 0
30 1
24 0
102 0
19 1
2 1
31 0
59 0
8 0
30 0
36 0
29 0
119 0
3 0
29 0
42 0
125 0
5 0
8 0
132 1
18 1
5 0
22 0
7 0
14 0
14 0
3 0
3 0
22 21 100
190 90595
190 570154
191 677083
191 19352
192 165966
191 127033
190 172710
190 52037
190 464579
194 922764
195 21266
190 304668
192 468516
193 57929
191 104778
196 340866
197 166948
191 141479
190 102517
195 363044
193 26445
191 586721
192 82417
191 303857
191 66321
197 573284
190 246939
190 238152
192 183571
192 84157
191 411257
191 128865
191 259729
192 25682
191 11066
194 8954
193 629818
190 161631
192 5919
194 38496
193 167154
191 276549
195 173169
191 92886
192 640711
190 214172
197 146425
190 218112
191 21614
190 703591
192 537609
190 317477
197 98355
192 55521
198 137032
192 406965
190 281255
196 582997
190 236163
198 638658
192 480653
190 386599
190 79103
190 190871
191 178693
191 8820
190 634767
195 494662
191 2317
193 361185
191 349482
191 28932
196 4294
192 33312
190 407973
195 171386
195 98630
190 394383
191 201376
190 498957
192 583022
190 241168
193 200303
192 585390
194 249857
194 129530
194 231489
191 329711
190 111599
191 204114
190 67369
194 24881
193 1698
192 94248
194 36597
193 265071
190 16116
192 174672
194 740448
192 118504
32 38 1
35 293756
20 53 61
12 1
69 1
118 1
10 1
130 1
68 1
68 1
60 1
70 1
57 1
57 1
131 1
69 1
126 1
9 1
107 1
4 1
135 1
128 1
116 1
120 1
151 1
128 1
58 1
16 1
138 1
132 1
73 1
107 1
3 1
54 1
169 1
15 1
17 1
135 1
138 1
133 1
58 1
66 1
123 1
65 1
78 1
56 1
138 1
140 1
136 1
57 1
67 1
69 1
111 1
3 1
130 1
72 1
160 1
17 1
64 1
17 1
56 1
174 1
143 1
79 1
168 170 1
170 493688
60 177 100
14 88405
5 277151
143 153282
41 802239
12 404522
80 644352
108 28166
33 241334
1 40944
11 165047
82 636353
77 99191
88 12347
107 233260
192 716448
1 274051
5 322681
17 159778
24 350796
34 796
38 120290
41 3530
20 466981
12 12539
53 77056
101 155695
24 156158
5 427201
77 76597
67 29683
61 347178
144 38280
22 12503
127 66553
82 37348
31 222380
117 442396
1 40244
116 179419
2 256363
3 271299
14 29569
15 195967
59 8021
16 21129
130 41702
89 68288
14 385323
87 38525
34 28273
124 655898
45 235008
26 151771
8 321850
71 278002
7 351277
32 220087
44 209476
21 162982
1 43706
116 410831
54 235222
21 161692
112 143459
8 521876
7 565059
70 90276
83 55591
45 470485
27 679
34 47067
14 501317
165 263528
19 5635
36 103654
28 120434
70 68671
138 57259
71 57377
41 193808
37 63513
13 61480
18 298152
39 634975
85 635874
126 4222
60 226937
94 417926
43 11251
139 42566
14 72416
125 168065
1 262857
1 143477
116 339452
20 383727
18 233216
4 466631
40 464010
15 336210
24 21 100
190 16854
191 141046
192 7320
196 528238
195 294235
191 295824
190 287472
196 59511
192 293544
190 70487
193 89720
190 508283
190 393934
190 74075
193 423547
191 301022
194 475728
190 130125
191 180260
190 112881
192 464383
191 131151
190 159182
193 139523
192 436400
195 507834
190 76796
194 67317
195 97347
192 180695
196 81400
192 64361
195 114668
190 354359
194 56035
190 69647
194 395173
191 25872
190 798
193 13924
197 114381
196 323991
191 56970
190 151819
190 130275
196 318642
190 225901
195 579096
196 672981
196 269836
194 910090
193 812422
194 92030
194 25293
192 32448
191 31309
190 528451
192 557850
190 288679
190 46638
190 196923
191 396594
198 362147
191 184100
198 239374
190 248863
192 94366
191 37367
190 136916
192 203889
198 483266
190 91967
192 102183
193 383606
192 126890
190 262772
197 364063
192 253920
192 322109
195 130553
191 221652
191 795451
192 51523
195 266240
190 212872
197 35738
190 6891
193 23434
190 205925
192 123271
193 278577
190 488972
191 179339
198 202159
194 541527
193 885475
193 37392
192 302292
191 209772
190 552927
45 79 100
33 2
184 0
126 1
82 0
107 0
119 0
115 1
85 0
123 0
115 1
106 0
104 0
124 2
86 0
100 2
93 1
83 2
83 0
89 0
114 0
181 0
9 0
164 0
9 1
120 0
87 0
108 1
90 0
84 2
111 1
91 2
105 0
98 0
120 0
84 1
84 0
99 0
108 2
174 0
2 0
177 1
191 0
109 1
1 1
9 2
122 0
115 0
95 1
94 0
190 1
159 1
83 1
31 0
45 0
104 2
110 0
99 1
80 0
162 0
97 0
37 0
98 0
109 0
92 0
163 1
27 0
175 0
6 0
92 0
94 0
87 0
95 0
82 0
159 0
6 2
84 1
80 0
99 2
85 0
97 0
88 0
103 1
185 1
100 2
9 1
110 0
112 0
88 0
164 0
134 0
98 0
89 1
86 1
97 0
190 0
15 0
170 2
1 1
115 0
83 0
33 46 100
104 1
20 1
162 1
22 1
5 1
2 1
51 1
155 1
24 1
29 1
67 1
50 1
130 1
78 1
60 1
125 1
80 1
121 1
84 1
59 1
121 1
65 1
93 1
20 1
73 1
2 1
77 1
74 1
49 1
58 1
47 1
53 1
71 1
184 1
47 1
23 1
134 1
169 1
59 1
114 1
31 1
20 1
6 1
141 1
94 1
9 1
24 1
153 1
39 1
29 1
121 1
8 1
57 1
106 1
50 1
5 1
102 1
55 1
61 1
22 1
134 1
65 1
115 1
3 1
141 1
36 1
58 1
110 1
87 1
48 1
64 1
74 1
130 1
66 1
102 1
48 1
23 1
187 1
109 1
5 1
11 1
46 1
64 1
70 1
49 1
140 1
39 1
59 1
71 1
73 1
69 1
102 1
23 1
114 1
4 1
58 1
60 1
68 1
72 1
52 1
23 90 100
11 0
104 0
110 0
98 0
105 0
96 1
113 0
93 0
109 2
103 0
107 0
96 0
108 2
100 0
92 0
95 0
107 1
102 1
103 0
111 0
110 1
93 0
110 2
94 0
101 0
104 1
111 1
107 2
92 2
96 0
188 0
4 1
111 0
94 0
92 2
97 1
187 0
4 1
96 0
110 1
102 0
105 0
101 1
112 2
93 0
102 1
102 0
195 0
6 0
191 0
117 0
110 0
113 0
108 0
103 0
99 0
91 0
94 0
112 0
96 0
98 0
109 1
93 0
95 1
107 1
109 0
92 1
100 2
105 0
102 1
107 1
96 1
107 1
94 1
192 1
94 0
105 2
108 0
12 1
108 0
104 2
95 0
107 0
107 1
108 1
111 1
108 0
110 0
92 0
102 1
92 0
113 0
193 0
9 0
93 1
91 0
103 1
112 0
104 0
97 1
45 20 73
64 0
59 1
149 1
8 1
47 0
16 0
75 1
112 1
96 0
20 0
30 0
152 0
74 0
2 1
83 0
150 0
104 0
115 1
32 1
11 1
95 0
151 0
49 2
47 0
45 2
52 1
26 0
44 0
3 0
2 0
26 0
100 2
25 1
55 2
67 0
95 0
73 0
89 0
46 0
28 0
24 0
30 0
64 1
127 0
62 2
41 1
107 0
22 1
42 0
16 0
39 1
36 0
16 1
80 0
97 0
52 0
75 1
131 0
8 1
52 1
12 0
62 0
118 0
46 0
50 0
2 0
25 2
41 2
5 0
96 0
86 0
15 0
25 1
20 58 100
74 1
64 1
5 1
72 1
70 1
62 1
68 1
69 1
71 1
131 1
9 1
77 1
129 1
15 1
137 1
59 1
124 1
60 1
6 1
71 1
123 1
15 1
138 1
66 1
69 1
61 1
60 1
73 1
117 1
8 1
143 1
67 1
123 1
15 1
60 1
73 1
127 1
68 1
3 1
132 1
8 1
76 1
67 1
141 1
190 1
19 1
98 1
61 1
150 1
71 1
117 1
75 1
85 1
150 1
156 1
118 1
59 1
117 1
94 1
69 1
9 1
117 1
58 1
62 1
62 1
133 1
167 1
73 1
78 1
120 1
62 1
74 1
86 1
69 1
134 1
2 1
74 1
67 1
78 1
148 1
122 1
8 1
69 1
75 1
147 1
74 1
125 1
64 1
16 1
72 1
122 1
125 1
13 1
8 1
179 1
158 1
4 1
68 1
78 1
120 1
123 44 100
55 1
21 1
171 1
7 1
93 1
70 1
65 1
22 1
61 1
8 1
86 1
77 1
124 1
2 1
155 1
5 1
150 1
17 1
43 1
13 1
52 1
86 1
140 1
71 1
19 1
15 1
152 1
98 1
1 1
23 1
71 1
7 1
98 1
4 1
55 1
70 1
82 1
90 1
24 1
57 1
64 1
109 1
86 1
44 1
113 1
11 1
83 1
123 1
1 1
60 1
148 1
36 1
18 1
52 1
61 1
30 1
73 1
56 1
67 1
52 1
79 1
97 1
55 1
31 1
145 1
20 1
13 1
53 1
75 1
113 1
49 1
59 1
11 1
49 1
56 1
64 1
116 1
85 1
59 1
158 1
105 1
8 1
52 1
51 1
131 1
160 1
12 1
12 1
95 1
31 1
38 1
9 1
1 1
72 1
45 1
15 1
48 1
151 1
1 1
80 1
45 166 3
50 1
98 0
141 1
28 46 53
13 175228
74 56199
139 409384
6 213290
91 490
68 123574
64 7523
162 445789
7 875173
9 415069
120 212265
50 29406
148 212510
17 6432
179 299808
25 42508
115 392176
31 486228
103 367255
64 951757
96 318836
26 254724
14 684367
1 515612
55 27758
165 235052
3 341689
4 181681
100 547674
7 110351
94 546343
50 766191
64 861641
19 13127
128 224455
110 313693
195 19760
3 159908
26 234176
7 247761
137 71183
5 144718
68 228500
55 171690
112 79718
86 633748
122 39874
56 292354
56 222071
131 326397
52 53981
56 116348
58 169449
79 41 100
59 233650
19 465964
45 8897
61 53642
64 22030
161 430523
81 36058
9 437103
154 211390
41 244641
84 45976
78 436457
16 281914
42 455883
4 209961
22 892881
69 205446
181 330971
116 230158
4 308992
9 495893
2 438468
22 75268
99 13130
55 150580
185 140935
19 484081
88 23690
46 163500
16 187673
35 225666
29 105109
23 173020
86 138669
7 45716
44 173465
61 75687
58 132528
70 234065
126 145164
26 742368
7 66297
56 70198
151 275881
161 211321
15 725253
11 4671
34 165518
123 71929
80 538525
3 45073
52 142456
84 5581
7 247075
30 180969
51 865793
15 377514
55 303375
64 354999
161 62407
1 380483
29 54507
50 799681
53 64911
180 348308
54 810374
37 76112
100 42344
2 110317
47 64836
130 57321
34 412631
40 19674
9 304519
45 243499
45 458249
31 600411
120 41314
31 33109
80 391294
143 74602
51 499856
2 590887
30 251923
133 21838
128 160211
33 219426
9 303088
34 12819
75 42772
37 19371
107 233362
3 117312
44 79026
131 81354
10 109656
57 9887
134 465692
90 132329
27 161472
20 21 100
192 31321
190 317354
190 10872
193 12665
192 678624
196 311802
194 201154
194 165852
190 231868
191 45126
193 160196
196 203669
193 96752
190 35098
190 583371
192 61824
195 564381
195 530255
197 168787
193 416269
191 829037
190 334782
192 98721
190 3936
190 181957
195 309907
191 143360
195 94689
191 529344
192 239395
199 35006
190 518820
190 624575
190 76439
190 110299
192 45009
191 88628
190 105967
192 328618
197 315038
192 45199
190 550015
192 336010
190 185552
194 162303
194 80863
199 299053
191 619187
193 124234
196 171015
194 211004
190 896906
199 622263
190 413310
191 818367
196 43285
192 105662
193 111271
191 799777
194 182892
191 374275
194 17331
190 220841
192 315860
191 1080
193 81439
192 420277
193 328753
195 84583
191 92927
190 338983
194 302855
190 788072
190 136515
190 229737
193 736642
190 71190
192 139148
197 171277
190 305595
191 14055
191 683332
191 141697
192 742107
191 209981
193 81861
191 101660
190 522226
197 689899
190 21311
192 404870
190 372142
190 111368
190 218797
191 5494
198 275571
192 19811
190 351774
191 35139
191 559297
94 34 100
28 707811
47 138312
131 73438
94 137550
12 381382
39 10713
47 795133
135 435441
112 267097
80 558479
19 66684
17 699376
67 158790
42 185885
40 116935
25 45179
99 689248
93 13724
114 964193
77 1676
51 192653
7 51406
5 149747
7 83759
5 46859
3 22996
31 326610
75 196356
3 815472
60 306914
110 180644
13 218056
101 65532
17 594054
28 310310
7 300393
37 957373
67 557300
83 265776
1 466038
127 400922
1 949033
21 380044
98 645323
54 329104
145 457222
74 70446
47 127140
38 3331
33 73870
11 205929
63 253030
53 45108
16 426777
23 500905
4 375951
98 923705
12 234318
25 248216
33 20304
78 364218
151 188590
92 345078
183 665505
13 375838
16 101924
38 200159
84 481209
26 470318
5 117175
148 108856
43 185271
1 32421
15 153843
2 110943
1 664351
14 14204
3 524737
138 11136
1 748257
87 621496
28 189073
21 612
131 1871
38 536969
96 591365
59 1635
4 443190
67 928892
105 261945
27 498713
16 247667
29 460123
129 271246
31 76380
141 179727
49 799529
53 349406
93 7654
190 7931
52 51 53
109 0
8 2
45 0
151 0
154 0
21 0
20 0
34 1
131 1
13 1
52 0
100 0
152 0
49 0
84 1
119 0
16 0
102 0
52 1
98 1
85 1
85 1
86 0
76 1
74 1
95 1
126 0
11 2
57 0
81 1
57 0
83 0
59 0
54 0
120 0
28 0
130 0
20 0
106 0
25 0
97 0
101 1
68 0
133 2
22 0
102 1
94 1
52 0
103 2
23 2
59 0
113 1
32 1
20 142 7
42 0
45 0
81 1
81 0
110 0
125 1
141 1
30 99 53
5 0
124 1
108 1
101 1
103 0
115 0
117 0
115 0
125 0
124 0
108 0
109 0
127 2
122 0
109 0
120 1
118 0
110 1
108 2
111 1
114 0
118 1
126 1
112 2
100 0
121 0
125 0
112 0
125 0
108 1
107 1
115 1
111 1
117 0
106 1
108 0
103 0
129 0
129 2
107 0
114 0
102 1
102 0
113 0
106 2
123 0
120 0
123 1
127 1
122 1
127 0
109 0
107 1
91 125 1
106 0
151 187 1
160 0
41 43 1
77 0
23 22 100
190 512166
193 362215
190 190768
191 363273
194 44591
194 516108
194 447745
196 447166
191 390767
191 77591
192 164941
198 74439
192 210829
195 317560
192 43467
191 631516
190 351236
199 52184
190 741174
195 391001
193 340332
192 81111
190 47569
190 48535
192 152347
196 261820
195 30815
190 209272
196 82822
190 36973
194 183659
197 57394
191 127046
190 963058
193 24632
191 390046
191 676001
195 247992
194 57262
194 176783
191 3468
190 308623
190 280422
194 13037
190 469948
193 80725
195 411209
191 127082
190 404164
190 82350
190 52652
191 45022
193 29810
190 364480
194 280673
193 45032
190 83765
192 818441
192 65512
194 25338
192 420206
199 667950
191 121610
190 315924
190 312915
193 638636
194 97781
193 16985
191 20773
196 148883
193 287491
190 230166
190 161532
193 474792
190 54829
197 374818
193 709735
190 292480
191 64701
190 177914
197 36564
192 485310
193 250446
192 20007
196 155483
196 540893
193 804385
198 433533
193 949015
190 726093
191 29431
190 112571
190 10382
190 160015
195 14985
194 673460
190 74753
194 115949
191 290478
190 411636
68 138 2
92 0
137 1
42 105 2
64 1
95 2
64 21 100
101 333669
8 255761
7 643632
117 60883
3 22856
18 257081
63 198638
79 27253
33 11818
42 388607
105 596514
11 329386
2 116250
29 124114
102 184501
44 30175
39 549546
99 568612
1 66195
15 537690
3 542067
76 70814
89 550754
142 714171
7 61049
155 594204
93 83788
125 706861
44 229075
67 579890
54 129461
37 74694
14 798562
24 567290
7 3989
13 96235
112 54660
57 17396
47 732972
22 21077
45 16578
36 207630
43 410692
67 171399
35 463932
94 567229
8 152236
21 233057
6 707791
31 288685
65 113492
13 221172
2 762906
46 443277
27 285582
11 16991
21 285933
62 194324
33 41269
83 8994
99 5544
1 2855
48 55051
13 14351
14 171002
38 97162
19 452803
104 380147
22 183314
22 269489
100 499369
81 320549
11 34777
92 186283
4 474197
136 50812
159 480741
108 186449
47 24641
15 68166
145 536909
123 47860
24 155500
19 787964
55 543110
114 241945
20 892550
37 347163
14 66981
77 80133
99 491103
48 172638
3 518288
3 5720
9 37325
59 759183
74 912666
24 95380
29 593744
6 63733
