100
20 20 4
200 1000000
200 1000000
200 1000000
200 1000000
24 102 4
27 1
78 1
73 1
97 0
20 22 4
190 861230
197 698773
191 458527
194 25496
25 60 4
19 736305
72 898590
78 131110
82 225356
73 59 4
1 1
88 1
20 1
104 1
22 22 4
190 616642
195 63001
191 301717
192 6265
20 50 2
100 1
50 1
21 20 3
70 1
64 0
58 0
26 21 4
196 212712
190 34610
193 248493
200 53864
45 21 4
107 0
47 0
46 0
14 1
20 33 4
4 39315
49 93670
14 524490
74 202777
30 69 2
33 1
66 0
32 86 1
42 0
24 22 4
194 511915
192 63902
191 241187
191 241539
20 50 2
10 2
80 1
21 44 4
92 1
13 1
13 1
32 1
122 141 1
130 248500
21 22 4
200 208457
193 128327
191 108116
190 5167
20 21 4
190 484
190 17735
190 258166
193 66309
20 50 1
200 357235
25 20 4
190 17928
191 5752
191 58134
192 771480
94 89 4
26 127518
122 248572
18 106046
165 292929
106 25 4
22 1
106 0
124 0
67 1
29 54 4
8 1
140 1
153 1
29 1
72 24 3
6 1
3 1
44 1
28 40 3
16 1
1 1
60 1
20 53 1
31 442275
20 50 2
10 1
80 2
38 80 2
42 1
78 0
70 34 4
4 1
30 0
97 0
50 0
36 75 4
89 0
21 1
3 0
23 0
32 34 1
33 0
25 50 1
19 433160
75 81 4
89 0
13 1
92 0
114 1
25 45 4
39 339549
27 329707
31 37300
28 16467
26 20 4
191 158047
190 860335
194 260889
196 109392
25 22 4
192 381440
192 86600
193 4752
192 425898
20 20 4
196 147121
190 161856
192 713202
195 236320
73 90 1
81 0
37 58 1
39 1
23 22 4
192 181548
192 171389
194 346765
193 432442
51 24 3
36 43272
63 396682
118 112331
92 37 4
50 15179
47 319165
58 77154
70 208540
126 70 3
73 1
26 1
101 1
27 103 4
3 687839
114 58238
10 335875
125 83811
61 20 3
125 0
66 2
37 0
21 20 4
191 262897
192 198749
194 14311
192 18459
28 52 4
2 1
53 1
73 1
29 1
24 53 2
34 0
51 0
28 22 4
66 344615
97 60368
73 206090
40 97283
67 35 4
63 514210
13 194132
10 52546
81 80765
25 56 4
12 221665
79 546454
141 117938
46 291132
56 102 4
66 1
67 1
60 1
76 1
117 33 4
20 0
8 0
93 0
17 0
20 173 3
50 0
57 0
73 1
23 164 3
98 1
47 0
106 1
103 113 3
26 1
179 1
121 0
33 60 4
45 0
48 1
32 0
66 1
35 87 2
39 61142
74 125216
21 65 2
25 0
60 0
44 57 3
98 222417
52 97687
71 64840
30 107 4
4 64749
132 156854
137 655317
113 702151
65 114 1
148 101967
21 137 1
1 1
25 124 4
60 0
58 0
8 0
13 0
24 50 4
77 1
51 1
162 1
101 1
22 71 3
59 0
45 1
67 0
78 108 1
87 93071
24 21 4
200 198484
190 34387
194 321549
190 41250
80 32 4
130 95599
43 225665
1 133452
101 125391
59 89 4
132 1
92 1
163 1
33 1
23 20 4
192 76401
192 664892
191 53096
191 43205
32 78 4
102 2
126 0
102 2
161 1
22 21 4
193 49985
190 184117
191 213807
197 356348
23 21 4
194 621305
190 187546
195 297496
192 29097
21 21 4
192 340910
198 575643
193 71230
195 431120
26 37 4
28 537407
31 75872
35 130073
28 10140
58 126 1
82 2
77 104 3
10 1
29 1
139 1
28 53 4
14 1
81 1
117 1
91 1
39 93 4
26 235057
2 59962
30 160530
21 110106
132 22 1
31 0
22 20 4
193 233052
195 653196
192 6031
190 29379
22 107 3
5 1
116 1
115 1
22 67 1
27 0
47 80 4
138 1
94 1
95 1
159 1
27 59 4
78 1
81 0
26 1
65 0
38 31 3
53 333456
21 818787
107 475985
21 87 4
43 1
43 0
66 0
86 0
30 86 3
13 1
95 1
109 1
24 54 4
91 293803
141 297807
109 549003
56 179317
38 39 4
19 1
158 1
136 1
2 1
25 21 4
197 123283
190 90755
197 573578
191 581545
21 27 1
23 1
100 80 4
45 1
97 1
6 1
110 1
47 48 3
72 1
48 1
147 1
48 21 4
39 1
2 1
16 1
102 1
24 20 4
191 207635
191 46028
196 379721
193 37204
148 48 3
11 1
1 1
49 1
40 58 3
74 129158
53 7968
119 297041
