100
26 21 4
190 160110
199 3874
190 59399
190 59302
22 34 3
12 203509
100 396587
105 89503
37 20 4
1 220764
17 178119
64 98064
8 25085
82 89 1
27 0
50 80 4
44 475900
111 145777
82 458424
101 827462
50 178 1
86 95519
24 20 4
193 204000
195 220476
194 91995
192 159616
22 136 4
23 200360
85 20799
69 2350
99 405651
57 121 2
101 0
117 0
23 20 4
193 517829
191 116503
191 232611
190 38291
27 53 3
1 1
54 1
68 1
43 177 2
99 0
93 0
20 35 4
2 1
53 1
80 1
65 1
20 58 4
2 1
125 1
38 1
72 1
21 20 4
199 443581
195 210305
194 106591
190 607152
23 21 4
191 86123
190 661411
194 211603
192 470733
53 34 3
165 0
13 0
80 1
22 56 4
20 535302
58 114020
129 63019
7 233897
106 64 4
51 125850
128 307901
46 8805
88 51031
60 47 3
46 0
76 2
10 2
20 21 4
192 62644
191 234805
190 432132
192 936460
83 34 4
28 1
70 1
102 1
32 1
135 153 1
136 0
60 49 3
2 2
119 0
28 1
41 94 4
36 1
97 1
3 1
126 1
63 88 3
128 1
22 1
48 1
21 103 3
9 1
119 1
59 1
30 39 3
80 1
189 0
49 2
23 22 4
192 767534
200 263929
193 26927
191 453662
76 67 4
46 2
83 1
99 1
78 1
42 90 3
13 304695
139 124647
38 27132
73 128 1
85 1
50 53 1
1 129801
28 41 4
17 159349
54 56391
83 99126
79 81747
23 67 4
27 1
24 1
34 1
30 1
52 78 4
41 258076
89 144093
6 114020
116 532303
20 50 2
100 1
50 1
20 20 4
194 61908
191 128819
198 410855
193 112667
25 41 4
1 1
93 1
32 1
127 1
20 50 1
200 384136
24 171 3
100 0
71 0
74 0
63 168 2
97 1
144 0
22 22 4
190 727832
193 86846
191 263710
191 116642
39 20 1
31 104788
28 41 1
29 520019
79 169 2
114 858555
162 35576
25 21 4
190 101914
196 184222
193 590447
192 747848
23 23 3
44 1
16 1
66 1
76 68 3
55 1
90 1
91 1
117 30 4
35 0
16 0
75 0
67 0
36 23 3
14 32551
28 589614
4 35498
115 48 4
106 1
6 1
12 1
101 1
78 79 1
79 52306
32 138 4
51 32160
77 164383
118 46203
129 473743
37 58 1
53 21148
24 21 4
194 500705
190 576596
191 65990
190 116047
26 132 3
16 1
8 1
148 1
45 32 3
172 9344
32 190890
120 229930
38 50 4
116 1
11 1
64 1
106 1
58 104 3
51 666953
8 514373
141 186922
21 21 4
191 8590
193 252198
197 629196
190 3386
85 70 4
47 1
124 1
80 1
20 1
31 49 3
144 2
54 0
27 1
96 100 1
99 0
43 108 2
47 719291
88 745038
65 119 4
3 0
22 0
7 1
48 0
138 149 1
142 0
143 24 4
152 0
106 0
60 0
32 2
50 85 4
8 1
88 1
18 1
114 1
43 55 4
6 1
70 1
11 1
172 1
113 79 4
17 1
151 1
53 1
95 1
26 81 3
58 0
61 1
80 0
27 26 4
84 0
27 0
1 0
95 1
42 58 1
44 1
20 22 4
193 212903
190 364476
195 255291
198 111979
21 21 4
23 108967
19 149394
2 656163
98 131865
24 22 4
190 190587
194 55083
194 183820
192 87807
20 20 4
200 1000000
200 1000000
200 1000000
200 1000000
125 52 4
22 1
151 0
85 1
3 0
140 149 1
144 377370
20 50 2
10 2
80 1
27 129 4
5 1
152 1
151 1
35 1
21 33 4
22 1
27 1
26 1
22 1
26 20 4
192 5346
192 175113
190 617595
193 535515
39 43 4
97 1
16 1
40 1
91 1
25 22 4
190 6077
191 30510
190 48997
193 98829
25 20 4
191 47269
191 29815
197 23197
192 86111
21 24 4
42 1
20 1
16 1
38 1
21 22 4
192 827722
191 40652
193 566110
192 668499
31 67 2
56 0
63 0
22 20 4
190 183420
190 667643
192 178132
190 552435
68 59 4
18 1
24 1
9 1
1 1
31 21 4
58 512060
28 495975
43 144760
18 13498
22 21 4
190 102202
196 406768
192 59821
191 89099
21 54 4
11 0
165 0
90 1
94 0
37 127 4
17 42689
142 13433
102 21234
137 99725
20 50 2
10 1
80 2
62 131 4
9 403579
175 130498
7 39042
135 11761
61 122 4
66 2
104 1
66 1
89 1
81 27 4
33 160341
29 821218
40 127681
55 114340
