100
4 3
4 5 6 4
4 2
4 5 6 4
3 3
1 1 1
100 3
5 94 59 14 4 83 68 20 92 59 95 62 71 20 47 50 20 68 68 47 26 68 80 64 98 61 76 62 89 88 26 30 91 43 9 86 28 17 52 11 16 29 48 73 40 15 89 26 35 14 61 11 32 73 65 95 75 55 29 65 20 61 68 10 8 38 41 35 31 41 1 44 44 23 79 84 8 20 98 15 6 18 19 40 5 38 29 80 5 17 50 75 74 29 50 11 8 6 5 57
100 3
52 30 98 96 84 17 2 57 33 82 53 13 76 8 57 31 64 58 69 31 53 65 66 24 43 5 95 45 24 34 90 81 62 79 50 85 62 12 59 79 79 80 79 98 17 69 65 3 53 92 73 74 21 12 34 74 25 72 79 75 13 40 50 44 38 41 48 83 56 39 51 33 51 44 12 75 19 6 78 57 73 41 82 4 8 40 32 24 91 37 75 70 46 68 58 82 59 8 84 79
100 3
40 76 83 77 35 60 34 35 95 12 31 28 35 64 94 2 89 82 74 44 34 83 92 44 56 6 52 94 82 11 62 95 26 23 96 43 77 26 54 10 23 59 38 2 89 56 8 56 55 23 40 50 91 74 50 31 33 25 1 82 44 95 40 1 37 91 62 28 20 83 91 80 56 79 76 91 5 86 83 28 83 50 91 17 80 41 20 74 26 35 83 83 32 92 40 70 83 29 80 35
100 3
65 35 70 73 98 89 52 69 20 1 92 5 36 11 83 41 91 92 62 2 62 62 20 22 59 5 64 53 77 34 73 86 28 17 36 13 5 53 83 76 73 92 16 74 44 68 62 75 77 32 80 35 20 11 22 2 50 88 92 18 2 20 72 38 44 82 82 28 65 59 56 94 55 95 7 38 14 77 35 19 80 13 29 56 41 68 51 56 8 33 6 94 28 32 11 69 8 65 40 59
100 3
55 52 73 17 1 88 25 41 49 46 33 76 41 55 37 53 49 92 94 74 95 58 88 76 75 27 43 82 4 37 75 76 35 49 91 28 11 80 68 20 1 70 64 85 64 63 61 6 58 61 10 22 17 31 46 1 19 72 30 74 28 46 81 28 59 91 88 66 59 92 64 11 58 22 64 27 36 23 85 1 61 18 76 25 14 28 98 80 37 39 52 34 74 71 89 85 4 90 46 67
18 2
16 11 51 3 87 36 65 64 29 21 64 66 16 20 94 92 18 5
17 3
91 97 38 5 34 79 37 49 82 83 92 74 4 49 7 40 6
100 3
53 22 28 2 59 34 89 92 60 34 29 68 85 22 11 46 15 20 56 86 38 56 94 72 53 20 26 82 43 70 85 83 56 5 92 26 2 70 79 41 21 26 71 68 80 65 47 16 32 21 35 14 79 54 77 28 80 58 29 26 83 83 92 48 34 11 25 26 67 4 62 50 5 89 67 17 54 94 68 1 94 57 1 73 62 23 20 2 55 36 8 83 29 41 85 68 40 31 95 98
100 3
85 61 89 59 46 65 53 7 40 91 43 41 1 92 32 91 55 1 46 60 92 31 31 4 91 37 97 28 22 85 9 98 85 8 46 64 29 68 91 38 48 70 92 86 16 70 70 37 29 58 70 22 88 22 69 64 79 28 86 13 68 28 7 43 46 88 9 73 33 91 76 28 94 88 52 64 94 55 16 67 97 26 40 10 78 85 18 58 72 79 43 58 85 38 44 40 97 22 79 37
3 3
2 74 59
19 2
9 51 53 18 65 55 29 18 70 23 86 56 93 74 96 16 16 4 63
100 3
8 61 65 13 14 86 45 73 34 68 79 25 29 50 44 95 24 8 98 29 17 2 17 45 87 1 65 50 20 1 65 55 67 64 2 74 54 50 56 16 92 53 88 31 16 89 40 44 17 2 32 47 49 56 81 53 44 2 20 56 25 41 71 27 34 43 95 44 17 83 23 73 50 52 7 48 28 32 76 14 92 83 59 62 7 76 92 26 31 81 64 52 56 16 39 72 94 91 50 70
100 3
26 29 30 32 89 89 53 25 86 17 82 89 62 42 22 86 61 31 67 2 85 68 59 63 92 89 23 74 23 79 28 40 10 38 2 75 20 92 56 73 37 35 11 74 98 26 7 31 22 48 42 93 60 71 85 83 87 85 20 38 92 89 89 21 40 18 5 59 46 49 53 35 20 2 58 42 85 40 5 35 73 29 53 53 78 56 20 50 64 73 98 28 20 20 18 80 14 59 59 11
100 3
7 40 46 76 1 74 2 89 53 95 47 62 83 88 16 50 98 85 86 13 89 47 73 83 22 22 83 71 95 86 25 25 70 31 89 70 89 29 1 4 31 4 44 17 46 64 76 62 38 31 62 19 85 8 79 67 4 29 17 74 68 85 19 22 55 79 67 26 22 31 64 50 31 68 76 29 56 2 29 65 59 26 59 49 98 7 23 52 25 40 76 52 94 31 73 59 85 49 67 10
100 3
82 68 80 32 43 77 92 44 19 65 5 29 72 26 6 25 83 38 53 51 94 64 41 45 98 50 80 17 36 7 20 56 95 13 47 12 83 74 89 44 72 11 89 72 71 13 29 37 53 15 61 43 17 6 72 10 95 68 22 86 43 98 35 43 97 68 85 97 11 17 6 95 35 91 29 76 59 11 62 80 67 56 47 97 85 92 29 5 62 2 53 74 38 38 5 98 27 50 22 68
100 3
26 18 13 13 94 92 52 14 61 58 12 10 88 91 73 96 83 70 70 67 27 60 27 70 89 67 68 35 68 88 18 52 59 7 89 56 66 75 88 88 85 17 80 1 4 13 8 22 19 79 35 76 37 5 35 5 58 35 38 64 4 37 49 8 50 25 72 36 67 76 65 4 79 64 71 46 79 43 80 17 2 28 67 90 67 71 94 87 22 64 43 26 76 84 19 64 74 34 28 61
100 3
13 42 6 50 94 79 36 25 97 17 67 84 22 64 37 16 80 46 28 76 25 86 95 4 35 89 38 23 50 25 58 88 38 94 52 58 13 62 32 55 25 70 55 76 85 41 43 25 77 32 62 49 7 67 10 83 8 21 90 58 43 61 95 37 22 25 73 82 10 45 29 64 23 73 4 37 78 53 54 45 79 5 13 1 34 85 31 17 95 8 96 19 23 2 31 55 29 87 28 19
2 3
62 77
100 3
46 2 58 58 70 52 5 55 88 94 43 95 1 37 15 25 10 37 23 37 43 49 91 83 34 49 76 40 53 81 67 16 43 55 63 38 58 32 7 74 59 61 81 50 25 31 13 32 67 55 81 47 89 85 52 64 85 97 37 62 94 89 74 53 97 91 37 79 79 73 20 85 11 7 9 90 32 88 82 13 73 67 1 58 73 26 11 22 5 7 6 94 64 79 61 91 79 73 89 4
100 3
37 62 30 13 4 86 3 17 77 37 16 83 49 40 41 16 10 61 96 71 37 29 13 1 61 60 56 22 85 65 61 56 49 73 67 91 82 36 95 90 13 2 85 67 19 93 20 61 37 33 50 49 65 10 1 40 70 25 78 94 14 38 32 1 77 15 56 7 62 51 61 20 49 76 82 32 71 35 13 71 25 94 71 82 58 13 13 5 30 55 61 89 74 70 16 76 74 56 2 46
2 3
19 82
2 2
71 31
100 3
81 71 55 43 32 58 43 97 17 46 50 11 5 95 42 77 32 86 4 72 90 42 62 26 55 32 61 12 14 41 86 22 32 64 14 34 78 53 58 94 59 89 13 77 74 92 93 91 32 29 83 74 79 2 4 74 70 50 23 39 59 38 97 37 61 44 92 93 13 39 98 74 43 66 23 67 14 36 62 81 11 22 86 98 4 20 84 62 71 44 51 88 89 68 78 67 28 47 5 38
100 3
29 68 23 73 64 35 70 65 91 14 68 46 40 80 7 11 63 50 34 50 35 54 79 98 78 17 62 17 28 29 14 17 74 58 83 19 29 80 95 56 72 44 15 76 98 43 87 68 2 89 92 14 96 26 73 35 59 41 73 41 83 73 57 74 94 4 67 80 88 23 8 69 1 59 88 21 35 59 22 1 49 42 62 29 75 67 29 11 11 4 54 81 67 43 14 98 7 80 89 22
100 3
97 13 39 46 82 19 19 8 97 4 35 13 2 95 11 38 67 14 68 31 73 43 55 98 35 64 46 51 3 80 17 64 40 76 5 1 3 38 34 7 67 96 70 5 1 83 64 36 22 58 19 34 49 43 60 1 54 73 73 10 70 58 82 73 63 73 67 50 79 77 28 64 76 18 53 56 62 49 78 4 13 32 86 94 95 17 28 92 61 50 12 34 19 18 28 78 2 94 94 94
100 3
28 95 88 16 56 60 65 91 67 4 23 25 32 19 7 3 76 60 55 78 73 86 70 7 70 73 7 19 79 10 34 31 40 74 95 22 21 76 28 64 62 70 91 88 10 28 32 43 88 37 76 25 40 98 25 20 23 86 67 91 1 22 75 77 64 13 82 55 90 17 5 88 78 3 16 67 49 89 3 26 4 59 8 77 7 40 25 11 52 82 54 37 46 49 64 46 31 97 71 44
100 3
28 26 15 33 38 56 5 86 4 70 36 98 38 23 6 86 19 80 86 21 62 80 74 38 79 23 34 14 92 41 15 25 59 36 28 55 90 76 31 18 77 7 34 73 87 98 92 98 80 98 47 89 25 20 35 31 10 85 61 66 73 89 2 91 25 26 53 87 56 71 22 73 26 52 74 22 71 49 23 8 61 11 89 8 22 83 35 83 90 74 83 22 14 11 32 89 26 41 77 66
20 3
80 90 62 64 35 65 74 70 86 7 59 68 32 70 98 23 83 50 97 34
100 3
64 17 16 13 6 32 95 49 8 32 28 44 47 35 46 95 30 58 75 81 53 37 98 34 20 59 14 59 83 71 56 49 20 32 97 4 61 56 68 98 23 56 26 30 47 85 67 7 37 47 55 83 79 53 51 65 47 20 68 68 77 57 18 76 38 32 98 67 16 59 36 20 17 88 6 14 23 80 8 25 83 87 38 35 65 23 5 50 8 86 8 44 5 51 97 85 43 77 98 85
100 3
50 6 74 89 26 23 60 86 26 80 74 92 26 56 42 19 80 94 19 15 30 89 53 68 61 71 43 29 91 55 8 89 10 60 62 5 17 67 37 83 74 28 36 77 52 46 92 73 89 79 56 36 55 41 95 93 2 59 20 28 16 10 75 43 44 71 77 74 91 46 70 86 87 20 19 38 14 4 34 83 32 5 80 35 29 76 14 48 44 22 5 9 46 55 62 10 91 53 44 28
100 3
5 82 95 4 69 17 75 92 86 56 73 29 56 2 16 71 60 64 65 21 69 63 98 92 8 32 64 15 44 94 86 14 60 35 74 35 97 79 17 68 76 74 14 17 23 72 29 25 5 38 98 7 98 86 25 34 5 8 81 53 81 92 41 52 16 53 58 59 35 49 71 55 98 95 2 29 53 52 50 61 35 80 87 35 3 10 43 26 12 89 11 11 49 39 25 19 58 89 80 32
24 3
43 29 15 98 90 43 65 76 10 86 85 9 71 49 4 31 74 71 31 27 38 10 22 16
100 3
80 29 91 28 56 89 51 28 21 69 82 68 4 47 3 19 89 28 31 59 35 38 25 10 61 88 97 41 4 7 10 91 91 47 68 91 64 4 97 13 22 92 37 25 16 1 15 17 37 31 35 47 4 73 34 46 31 40 25 31 60 46 70 91 64 11 28 14 40 21 73 11 41 10 7 16 20 43 19 49 76 40 22 48 97 36 55 64 97 34 13 37 88 60 83 58 37 55 25 3
100 3
25 87 35 26 26 32 49 74 90 34 91 5 78 10 88 45 5 80 85 26 35 7 38 61 83 29 8 25 71 13 89 16 45 59 1 21 40 77 8 28 80 10 71 25 2 29 10 3 55 74 8 79 14 32 80 35 28 80 13 16 50 25 40 18 62 2 60 45 84 22 73 36 41 7 32 14 60 95 17 29 7 35 27 23 80 11 32 6 92 53 43 68 84 17 44 20 89 59 68 32
100 3
56 26 89 68 71 71 67 91 80 84 88 89 5 91 56 53 55 31 36 37 35 27 87 79 72 14 23 65 50 49 3 98 8 2 5 97 71 62 74 80 71 86 8 79 68 94 38 50 82 55 62 41 87 77 11 20 24 69 92 76 17 55 74 74 8 91 74 69 28 95 34 39 95 90 8 90 89 23 90 73 5 88 41 10 91 32 59 32 9 6 49 10 55 13 52 22 68 2 21 23
100 3
19 50 35 85 46 54 46 26 34 52 67 43 88 96 62 46 41 13 17 55 13 14 22 22 74 88 41 80 16 94 93 70 20 52 22 86 64 82 92 89 94 49 55 48 52 25 94 76 52 21 47 10 91 82 23 43 62 79 58 31 7 89 41 24 84 2 26 97 43 72 49 56 56 50 2 64 34 34 23 34 53 3 73 94 50 10 61 14 76 85 53 17 34 52 85 40 61 67 44 94
17 3
86 50 22 46 83 5 61 31 19 16 41 88 17 22 22 56 79
100 3
70 29 94 37 88 2 26 82 83 67 43 1 34 67 40 41 67 28 55 35 87 69 58 7 31 1 41 36 98 26 40 72 4 41 56 91 92 16 10 79 26 64 2 24 50 95 73 29 49 59 41 14 53 43 67 76 9 85 22 2 5 19 73 89 87 76 52 15 68 1 37 92 1 47 20 70 61 51 77 95 34 97 76 62 14 44 88 37 40 92 49 4 49 26 12 92 47 1 64 41
100 3
17 20 24 21 54 71 11 28 20 26 86 26 65 68 37 95 38 33 71 50 20 69 59 55 80 71 86 17 44 25 1 62 62 77 54 84 80 80 31 53 20 60 21 16 50 91 32 80 95 37 61 32 34 62 53 67 53 8 95 77 58 96 35 80 84 96 2 65 4 35 71 32 11 53 44 36 35 44 98 89 71 73 37 69 11 30 53 47 83 72 52 55 13 4 95 1 52 45 83 98
100 3
85 20 32 64 72 53 11 92 11 26 7 25 6 74 26 58 28 95 92 66 77 50 74 56 41 7 74 92 17 32 38 2 52 16 81 71 17 27 98 75 62 71 23 90 92 87 88 10 37 65 66 29 32 50 65 1 5 74 55 43 72 23 6 55 26 74 26 28 21 44 30 76 98 52 53 2 85 22 25 53 43 80 86 18 13 68 17 71 20 82 78 20 24 62 1 89 32 24 89 11
100 3
93 95 44 47 74 29 17 71 20 62 13 50 25 40 74 89 60 58 77 61 80 52 7 98 16 13 26 45 81 54 64 36 86 59 61 92 28 19 53 38 45 40 8 27 77 10 43 94 14 14 24 35 38 80 81 38 97 82 19 82 67 62 14 8 53 16 14 34 89 41 80 68 56 50 68 76 20 52 31 85 69 95 7 46 77 74 2 77 46 74 95 44 34 96 70 47 11 65 86 71
100 3
37 10 80 7 12 73 55 96 49 35 15 66 25 79 37 55 64 15 88 40 40 1 46 94 79 41 78 67 43 22 90 82 79 91 89 89 7 77 41 51 57 76 41 68 13 65 44 83 62 43 92 36 22 74 64 28 73 10 53 31 83 49 28 16 34 32 77 15 53 70 43 31 5 17 76 32 11 80 7 37 49 61 88 65 66 91 1 43 74 85 19 31 53 60 82 58 43 77 46 2
100 3
65 20 44 98 38 77 98 65 6 68 22 47 61 68 47 90 71 37 80 29 98 69 83 78 74 50 80 5 87 53 77 56 49 44 77 80 53 32 91 52 59 89 55 79 53 61 35 56 68 72 73 80 14 47 43 20 24 85 3 21 64 50 47 11 34 44 70 50 2 25 41 7 76 66 39 29 89 65 66 52 61 17 48 86 31 6 77 16 49 11 17 34 74 14 66 71 62 80 8 53
100 3
14 71 44 5 56 14 82 29 38 4 8 35 59 92 20 35 5 68 56 14 90 44 68 50 85 80 17 74 38 74 53 47 89 60 92 98 29 81 58 82 41 23 78 95 95 20 62 59 16 1 85 82 47 17 72 64 32 65 56 40 68 58 37 7 43 74 21 59 26 43 93 8 54 29 83 46 38 45 98 25 11 28 38 15 77 38 32 21 94 19 2 29 57 91 96 59 50 28 32 15
100 3
88 61 31 68 58 7 38 59 31 26 76 7 26 53 25 52 53 7 22 13 21 82 92 52 91 67 82 64 80 25 64 74 67 91 46 11 59 34 23 26 16 88 88 88 3 50 37 66 61 25 68 10 83 82 1 7 32 11 97 58 76 46 25 74 32 61 1 28 58 54 69 37 85 16 83 2 52 94 6 4 94 8 55 89 28 7 13 73 16 4 46 52 64 67 34 14 75 24 34 8
100 3
72 56 4 73 66 22 47 10 80 10 13 13 94 68 70 59 40 13 89 48 64 52 80 47 62 92 18 89 36 25 18 24 28 30 59 2 22 13 76 89 78 67 79 4 34 97 2 37 73 32 61 77 4 98 58 79 43 61 25 70 17 58 55 1 17 16 73 96 52 91 46 55 49 88 86 66 43 59 61 53 92 78 67 40 17 71 5 58 88 62 53 91 19 64 19 59 34 82 77 7
100 3
44 70 59 79 29 74 68 26 70 29 32 27 82 26 84 95 76 80 17 53 92 13 64 62 86 23 76 53 79 91 8 95 4 1 67 68 77 43 66 65 66 56 61 55 15 68 5 61 79 59 13 26 39 56 38 86 35 4 38 92 91 74 7 48 58 95 17 69 4 86 10 20 32 65 80 43 44 54 98 80 57 12 9 13 89 14 44 83 98 86 44 47 86 63 68 53 2 92 47 10
100 3
39 32 86 52 18 74 84 20 95 95 22 13 2 4 22 5 47 25 65 89 52 47 89 96 68 19 7 92 77 78 95 23 34 49 95 17 5 20 46 83 32 41 10 76 59 69 76 70 16 66 2 85 92 20 98 59 20 86 7 65 98 5 37 98 32 74 88 19 92 50 61 95 37 35 37 73 86 48 72 83 54 83 26 42 14 97 20 44 55 71 36 26 17 82 59 13 56 68 11 77
100 3
34 61 43 25 23 35 22 74 4 12 52 40 56 78 7 1 64 8 77 11 58 10 49 30 40 76 76 49 1 64 49 97 68 10 14 38 34 59 79 86 42 94 43 14 79 79 40 16 31 79 10 85 29 52 77 1 1 92 71 64 89 22 4 73 49 62 7 37 53 55 4 68 91 66 95 61 55 82 60 34 19 28 85 67 76 76 58 70 97 88 4 9 4 25 43 92 79 94 43 27
100 3
38 80 98 55 86 38 80 78 59 17 67 20 68 29 71 76 34 45 74 42 49 83 40 34 41 88 74 88 10 28 11 38 73 5 67 82 16 74 13 88 86 53 59 53 98 80 80 53 53 4 79 62 29 1 85 56 54 65 26 55 5 43 62 98 71 40 62 26 55 2 7 46 91 94 44 50 59 42 53 38 3 71 31 58 74 41 31 83 2 10 80 31 71 52 87 93 44 32 35 23
100 3
91 65 2 91 62 74 58 97 33 79 55 7 2 97 16 12 10 69 97 47 1 25 19 17 64 2 91 82 96 94 10 7 56 85 80 55 7 5 11 20 47 1 42 97 25 40 5 16 14 91 15 61 55 31 37 61 87 58 64 80 79 98 13 64 11 58 5 19 25 37 16 23 40 76 36 56 1 8 81 81 2 37 28 83 85 95 53 97 85 17 10 92 31 16 31 64 46 26 79 70
100 3
53 17 37 97 22 86 11 47 14 34 71 89 92 97 91 2 61 14 85 46 47 85 52 37 14 38 76 58 68 43 11 53 11 41 64 97 17 92 47 85 86 61 10 77 88 80 7 34 28 79 47 2 46 11 53 40 64 26 91 97 82 56 91 94 82 44 97 91 80 95 58 59 52 32 2 13 14 41 2 7 71 19 64 40 28 10 41 17 13 38 31 38 14 85 13 77 17 92 28 17
100 3
11 87 8 95 50 14 92 7 43 44 44 23 85 5 70 13 56 5 92 5 71 24 56 9 49 7 25 71 86 69 33 91 86 74 45 67 89 86 25 35 7 70 8 25 35 14 37 9 80 50 16 11 41 71 22 40 83 88 49 41 20 50 80 1 17 90 1 32 2 52 19 51 4 56 35 19 25 81 61 67 50 5 18 16 64 92 72 34 92 86 61 66 44 93 85 59 58 15 65 69
10 3
10 8 17 16 92 65 74 40 79 31
100 3
28 71 21 89 53 92 59 80 92 10 55 50 95 50 55 5 56 8 96 94 29 32 65 97 71 22 59 62 53 24 93 47 4 23 59 10 8 70 61 24 26 38 8 25 63 86 11 97 74 65 92 11 13 74 10 40 47 53 41 85 35 38 65 41 56 65 53 62 44 53 83 68 26 34 47 54 15 73 23 59 86 97 58 29 57 32 10 95 50 20 22 72 26 92 67 33 29 32 74 55
29 3
40 41 9 40 63 43 29 68 37 31 79 1 4 85 94 85 8 70 2 22 13 41 22 60 55 49 2 29 84
1 3
62
21 3
91 51 73 74 71 8 14 76 24 47 19 90 79 40 53 25 36 64 53 2 24
13 3
47 74 53 97 24 58 26 10 76 77 85 92 91
100 3
11 25 34 5 97 28 88 59 70 76 43 79 45 67 4 43 83 91 19 43 59 40 55 72 94 67 22 94 28 65 73 67 78 70 85 70 26 5 70 70 2 70 70 44 23 25 91 2 77 62 46 88 52 79 73 46 94 13 15 93 64 88 9 35 58 49 71 85 37 38 45 61 59 27 76 96 85 86 41 52 88 95 89 32 7 50 55 16 10 7 97 31 18 15 82 80 55 40 25 35
100 3
58 90 17 5 20 80 41 40 53 5 95 34 94 62 43 8 22 28 5 98 40 2 74 26 41 8 98 5 68 77 65 32 85 65 28 28 65 3 59 2 65 23 17 77 44 85 36 53 22 43 71 65 64 25 85 44 16 22 96 41 60 35 89 43 44 73 2 26 77 80 81 73 89 70 7 95 62 80 29 44 69 34 21 89 4 67 80 68 22 80 8 41 70 71 69 71 56 4 17 41
100 3
94 12 85 52 49 91 86 28 5 94 68 14 47 82 73 94 4 33 89 23 53 37 37 58 41 29 61 91 43 22 43 89 82 46 56 96 83 76 85 89 88 49 65 19 38 58 1 70 82 37 1 32 61 80 89 85 77 16 1 31 16 85 79 64 70 95 37 49 98 17 17 91 28 94 25 24 82 74 25 91 79 82 91 79 49 88 63 22 50 35 15 17 89 67 46 19 86 59 37 49
15 3
22 26 29 58 53 14 61 20 88 38 97 22 86 14 19
100 3
89 59 89 41 87 34 74 83 8 89 52 1 90 82 56 54 71 50 95 89 15 92 13 20 71 53 37 31 35 62 2 74 54 43 98 37 95 50 53 34 71 50 70 47 11 29 19 40 26 56 56 53 17 92 44 11 74 62 13 1 14 22 89 59 4 17 95 43 11 36 47 80 86 75 86 62 77 30 38 63 29 11 38 71 47 5 46 50 65 17 35 43 14 10 48 50 83 26 86 25
1 3
27
100 3
40 89 32 80 19 4 54 86 68 31 94 43 19 85 53 90 77 28 20 94 19 61 19 2 94 82 23 85 13 40 58 83 28 86 47 76 65 49 88 79 11 91 74 66 34 91 55 36 4 47 31 73 76 10 45 10 11 91 1 89 30 64 37 40 22 49 82 5 55 31 64 40 70 43 43 74 50 19 18 34 83 1 22 83 43 55 91 98 4 68 82 5 19 64 83 79 25 9 41 31
100 3
37 22 55 16 10 4 32 13 49 28 4 86 89 85 7 78 69 85 6 62 2 28 52 16 37 64 89 25 46 32 52 37 79 92 25 79 47 53 17 22 31 88 95 37 10 22 28 38 91 28 85 10 56 36 46 55 91 4 41 43 18 47 89 29 83 32 64 61 29 10 52 13 79 28 20 1 92 79 2 76 50 37 25 28 16 29 22 83 97 83 94 33 55 68 43 22 64 25 31 67
100 2
10 61 60 44 62 53 51 78 35 52 65 30 23 57 76 7 95 20 21 17 3 91 61 50 20 50 53 9 86 23 45 91 72 31 34 79 34 51 6 63 80 21 53 17 56 52 21 8 71 52 7 16 15 26 46 83 60 90 48 22 99 38 14 99 47 94 26 86 89 78 60 2 11 9 18 85 59 54 61 26 1 72 63 77 53 3 84 93 48 1 52 12 23 78 21 50 72 33 66 14
100 3
87 22 91 40 70 19 65 89 79 76 68 32 68 29 68 34 69 32 7 24 88 78 33 86 59 94 87 17 24 73 28 20 88 4 47 19 19 37 1 5 39 58 51 19 79 4 37 61 74 98 73 6 63 73 61 34 13 27 50 54 92 67 34 88 71 47 16 5 64 19 22 88 11 91 70 55 25 22 22 56 7 40 22 66 72 31 43 64 7 24 65 80 89 46 31 61 85 41 82 97
100 3
22 17 79 21 28 4 94 86 51 91 46 41 7 88 10 42 43 40 85 89 31 76 2 50 25 35 56 64 28 23 9 32 22 1 89 55 35 34 46 83 42 35 62 1 28 41 37 13 44 67 10 80 23 34 47 50 40 5 46 50 74 92 65 43 13 14 70 58 65 25 43 94 16 44 25 73 76 53 46 47 97 56 2 88 70 4 70 92 44 82 73 55 67 49 7 91 8 86 25 58
1 2
17
1 3
10
1 2
54
100 3
43 82 23 13 7 56 52 31 88 34 89 21 82 55 75 29 24 62 82 91 82 93 46 33 36 22 29 91 10 70 14 67 19 70 29 73 28 55 82 4 64 64 19 34 83 26 34 70 56 59 50 43 14 43 36 19 50 31 16 71 55 61 1 7 50 46 20 8 64 16 95 85 96 34 16 25 52 49 85 28 21 16 35 4 43 22 46 13 52 28 22 11 34 4 14 91 80 19 20 86
12 3
58 83 40 94 37 8 18 38 92 74 17 4
100 3
19 28 77 65 77 58 53 48 68 23 23 29 37 35 55 7 62 23 95 44 7 13 71 47 44 94 91 44 80 8 77 94 41 67 89 58 20 3 41 98 71 73 77 23 14 92 74 17 28 22 37 35 85 14 85 83 7 77 44 22 50 41 50 65 56 28 98 68 29 42 23 66 85 92 5 66 77 32 15 3 98 62 48 52 2 95 86 27 32 46 29 62 37 78 8 92 21 29 74 66
100 3
7 44 19 85 32 8 44 46 28 88 2 20 24 74 89 53 20 56 10 91 76 35 83 66 26 14 75 44 42 69 25 50 47 8 8 68 14 56 73 8 70 68 89 80 10 62 40 17 50 34 43 75 89 23 61 77 38 53 41 56 7 38 44 89 2 77 52 77 10 11 71 25 68 94 2 16 38 89 76 59 14 70 71 38 32 56 73 20 6 1 55 46 14 40 89 86 65 28 86 95
100 3
20 4 8 68 5 47 68 74 11 71 44 52 55 29 77 23 60 47 85 89 17 4 1 49 26 59 26 95 34 89 31 62 63 61 38 8 49 25 77 20 47 86 71 67 44 64 25 59 16 96 16 65 89 68 7 23 56 91 59 93 62 50 68 25 1 2 52 34 65 98 37 26 31 14 14 59 90 7 74 95 98 74 35 37 35 19 31 38 65 62 53 37 56 37 56 50 4 66 80 3
100 3
39 94 95 70 78 82 97 51 4 8 95 7 28 94 52 82 45 57 52 64 34 40 34 70 58 1 10 56 52 70 97 4 82 22 89 97 9 32 6 24 22 39 94 3 47 7 77 40 15 30 44 25 91 86 14 29 62 34 73 26 19 92 82 40 16 21 85 74 10 22 11 10 15 43 84 50 39 10 38 35 7 55 37 44 25 82 13 34 4 91 16 55 29 81 34 34 72 79 57 32
100 3
5 89 46 79 75 73 84 28 23 13 20 10 6 1 28 89 60 55 1 38 91 8 10 4 85 35 67 4 78 14 21 86 10 2 19 14 56 60 1 47 96 11 73 68 1 50 47 74 9 71 74 19 65 37 1 41 97 24 58 77 88 19 32 1 2 1 73 52 29 28 28 67 85 67 25 47 92 56 57 63 24 70 31 4 19 24 10 82 89 31 97 84 85 25 46 35 68 25 94 50
100 3
5 92 55 73 22 23 54 57 11 11 23 94 89 74 71 44 71 53 35 30 42 23 37 56 98 43 17 2 17 38 98 73 11 59 71 23 89 74 5 44 28 32 62 95 65 40 83 95 38 65 69 93 42 14 47 79 7 8 10 10 29 46 38 35 98 32 89 95 89 20 49 1 34 98 23 2 13 19 32 88 42 68 89 83 2 73 68 25 53 62 29 17 53 87 4 26 10 23 79 63
100 3
89 67 8 50 97 25 77 27 77 91 4 98 2 65 20 83 83 60 83 40 68 15 26 62 76 8 98 77 73 53 41 97 47 32 62 64 20 23 2 34 41 7 35 83 15 28 59 66 12 20 41 94 92 7 17 38 32 48 56 65 56 61 95 98 52 40 76 67 11 37 86 57 77 25 1 92 34 68 5 89 41 80 28 8 19 23 2 77 25 89 77 80 50 20 98 3 62 62 7 95
100 3
68 37 95 97 31 44 95 86 20 93 74 22 70 2 8 47 38 17 72 19 46 5 83 77 83 90 83 38 39 80 95 32 16 23 56 49 89 11 34 80 56 26 80 47 8 98 47 17 41 5 82 61 73 4 62 90 2 17 38 2 46 8 92 1 17 1 86 71 87 17 44 98 25 3 64 20 98 74 89 10 41 62 59 36 2 20 11 32 83 33 69 62 68 61 17 73 23 23 27 43
100 3
22 28 41 62 37 35 83 15 55 51 17 89 56 38 85 72 44 62 41 41 58 86 42 37 65 68 56 2 28 83 50 59 55 50 1 41 59 87 20 10 35 79 77 11 13 37 76 31 65 57 23 85 50 2 26 23 7 17 95 17 42 14 32 80 40 17 97 71 23 59 41 84 20 77 7 74 61 96 2 47 23 26 28 54 44 46 56 26 92 1 34 31 41 81 41 56 59 74 74 26
100 3
34 25 22 73 19 52 49 82 86 91 10 49 70 98 85 4 96 81 91 63 71 92 8 36 74 61 7 89 91 19 76 43 1 50 40 7 12 6 2 70 34 56 35 46 34 1 43 94 40 52 73 1 93 1 22 13 49 43 4 10 17 56 7 52 4 85 10 37 32 70 16 70 80 89 44 85 70 10 71 34 91 92 20 61 34 85 58 38 71 49 32 11 3 91 17 91 2 20 17 87
100 3
52 88 91 10 67 38 27 23 74 1 87 5 73 72 50 43 69 19 7 94 73 86 78 19 88 55 37 83 88 20 20 67 31 37 64 25 25 91 25 46 61 6 59 97 2 47 64 56 25 22 7 70 97 98 20 76 4 79 61 25 34 32 22 94 89 75 15 96 92 79 49 85 46 34 71 32 34 55 20 64 29 58 21 62 50 85 16 83 13 31 12 92 80 76 52 55 4 73 31 43
100 3
89 26 7 35 50 95 22 20 95 47 80 56 80 50 40 32 36 77 86 86 38 68 5 37 73 6 89 67 78 71 77 97 42 49 94 80 62 17 33 29 59 80 62 57 12 67 23 95 1 77 26 85 37 94 31 91 76 70 77 28 92 55 29 84 2 25 2 65 20 41 95 86 41 74 7 32 68 59 23 91 92 76 59 53 41 26 92 77 72 11 44 42 76 43 77 22 86 47 34 1
20 3
52 13 79 64 1 77 52 47 79 7 88 52 92 91 2 11 67 37 37 70
100 3
5 5 22 56 2 23 19 43 20 73 74 29 17 29 50 83 61 22 93 1 56 50 65 42 97 47 50 79 10 61 52 17 54 29 17 51 26 59 50 89 13 38 89 59 32 11 92 71 6 68 43 8 56 47 10 41 64 65 77 68 66 85 68 86 14 70 60 13 79 96 43 66 3 86 24 83 67 89 44 57 65 74 8 47 76 55 68 24 23 37 26 98 29 32 77 2 60 12 56 80
100 3
46 14 60 5 26 29 23 29 81 45 71 89 98 14 88 92 17 47 17 17 80 2 51 43 62 79 5 98 21 74 64 41 40 62 19 80 41 32 35 85 91 38 57 89 89 43 94 54 42 32 61 35 4 11 5 57 74 2 26 74 56 90 11 41 28 66 13 70 69 57 10 4 98 91 17 80 8 91 58 94 29 71 56 89 3 35 23 89 64 50 17 19 37 11 26 20 50 4 59 19
100 3
82 35 13 79 59 23 41 88 94 17 7 49 2 55 94 55 37 91 34 35 2 19 61 10 1 20 64 4 73 34 28 72 16 20 38 40 22 49 15 1 88 92 61 16 56 80 52 52 53 97 52 37 16 10 10 37 49 26 46 8 19 88 57 76 82 38 91 25 13 10 49 25 11 79 73 70 74 35 84 82 11 82 25 35 52 70 58 14 29 13 79 31 43 61 55 64 62 44 94 88
100 3
91 64 37 41 50 55 18 91 13 13 32 95 6 28 76 37 20 79 59 10 31 28 79 70 58 40 57 86 28 64 52 49 38 77 10 38 61 16 64 19 82 16 78 73 13 82 29 96 14 14 76 68 95 62 58 57 83 91 67 88 7 49 86 32 77 7 88 32 20 31 83 85 82 92 65 23 88 76 43 25 91 64 73 49 73 5 67 40 94 2 46 52 58 11 37 55 26 76 55 4
13 3
85 58 56 31 23 49 4 45 71 21 8 28 2
100 3
86 73 70 11 34 63 47 37 85 88 28 55 91 82 4 82 26 55 31 70 55 67 28 71 94 32 64 19 58 22 53 13 37 97 79 27 58 40 83 41 50 67 68 28 68 13 32 55 66 89 14 54 46 64 89 48 83 49 16 70 41 25 32 67 22 43 25 52 65 25 82 70 26 34 49 79 61 1 2 52 71 4 29 23 10 9 19 43 14 97 40 55 83 49 7 82 4 67 83 31
100 3
4 20 94 71 82 28 37 37 64 19 19 77 81 53 16 94 68 23 58 11 70 71 92 13 67 1 82 38 19 49 8 62 59 2 7 76 5 71 61 88 62 76 29 23 2 85 67 57 89 4 88 31 98 64 20 14 59 73 49 65 27 92 63 25 91 59 43 93 79 98 70 16 88 67 78 40 55 58 41 1 97 13 76 26 11 56 43 56 58 13 37 17 4 22 81 65 34 26 29 64
100 3
94 95 94 83 96 92 49 61 91 13 74 18 43 16 83 28 82 50 59 94 17 66 64 87 61 79 67 32 81 67 91 94 22 79 46 38 2 34 81 77 83 64 13 40 86 7 31 10 55 5 91 95 32 97 56 55 70 76 40 20 38 42 41 19 70 16 77 19 81 13 11 82 43 25 22 62 5 13 39 12 61 59 85 16 20 67 37 40 35 28 59 76 77 62 70 40 85 18 95 88
100 3
83 73 89 70 47 23 35 29 4 44 32 24 42 26 46 47 1 26 35 73 84 83 31 32 43 34 95 98 93 26 86 86 47 74 26 95 92 73 71 80 64 67 25 22 45 82 55 87 23 28 37 74 53 88 8 43 58 56 92 97 78 85 80 89 17 86 77 77 71 14 82 25 87 90 54 93 56 80 5 59 96 20 86 10 32 62 95 20 44 15 98 59 25 19 8 5 69 37 51 53
