100
1 1 0
3 3 0
20 18 0
36 59 0
37 49 0
37 76 0
41 54 0
50 99 0
67 43 0
67 67 0
76 82 0
82 82 0
84 84 0
88 43 0
95 93 0
99 97 0
100 100 0
100 100 0
100 100 0
100 100 0
4 4 1
2 1
4 4 1
3 2
40 79 1
20 36
50 57 1
31 40
50 99 1
20 39
51 50 1
21 26
54 77 1
19 13
68 57 1
24 20
99 97 1
13 24
100 100 1
39 38
100 100 1
22 31
100 100 1
42 71
7 10 2
1 2
7 1
50 48 2
16 19
34 22
58 61 2
36 44
37 25
68 48 2
62 39
43 31
94 91 2
57 47
22 34
100 100 2
26 45
71 72
100 100 2
39 65
21 26
100 100 2
47 33
49 70
27 32 3
18 20
8 15
12 11
37 58 3
32 54
24 44
16 25
41 60 3
17 15
14 12
6 8
59 51 3
42 41
27 20
14 24
84 84 3
16 17
25 29
41 43
100 100 3
30 20
85 88
49 67
100 100 3
56 54
68 60
37 28
100 100 3
81 71
71 78
74 63
22 22 4
13 13
13 16
15 17
9 8
42 41 4
31 31
26 27
39 38
27 20
73 85 4
41 66
67 76
50 69
34 22
76 55 4
32 27
52 37
57 41
4 7
100 100 4
14 24
66 47
58 61
34 46
100 100 4
66 44
9 11
34 43
61 43
100 100 4
86 81
72 56
48 32
71 60
60 47 5
29 27
37 31
49 34
26 24
41 33
64 67 5
40 40
43 37
58 58
46 43
16 28
80 69 5
46 49
51 50
42 47
55 31
67 61
83 81 5
70 61
62 63
24 23
30 29
46 31
100 100 5
76 79
46 64
71 69
61 43
49 43
100 100 5
76 73
51 35
54 62
55 76
84 89
100 100 5
35 63
92 90
26 51
70 46
12 17
49 58 6
14 12
31 46
26 45
10 10
31 28
30 44
54 41 6
19 16
26 21
21 17
36 23
6 11
31 22
64 55 6
38 33
32 36
42 35
27 20
47 39
39 26
90 80 6
23 24
67 49
5 6
32 42
76 64
15 17
100 100 6
22 40
64 43
58 49
72 74
76 73
15 20
100 100 6
38 36
35 63
50 36
52 58
49 58
32 45
16 16 7
9 8
11 9
14 15
13 10
12 11
3 5
5 6
28 37 7
12 11
9 11
19 28
22 28
17 24
14 21
13 10
42 59 7
16 22
25 37
26 45
25 43
9 11
29 39
38 54
49 73 7
41 66
23 39
3 5
8 15
20 24
22 25
30 59
89 78 7
29 33
6 11
35 21
65 63
13 10
69 47
67 46
100 100 7
91 91
92 93
93 95
94 97
92 90
94 91
96 92
100 100 7
47 33
16 25
44 36
67 55
78 86
38 66
28 52
100 100 7
39 53
62 36
42 26
48 29
65 75
85 76
31 25
35 51 8
14 18
13 13
17 24
21 35
18 32
12 11
27 44
9 11
46 37 8
21 17
11 15
15 17
17 21
28 22
33 23
27 26
23 21
59 39 8
24 20
28 19
46 31
22 16
12 11
33 20
39 23
27 20
88 88 8
59 54
22 40
54 59
5 6
52 37
75 74
57 35
51 62
100 100 8
91 88
51 35
43 70
86 90
27 38
76 82
52 70
45 53
100 100 8
49 34
40 67
32 48
15 20
48 35
29 39
60 68
40 64
26 30 9
10 16
9 14
15 23
7 13
5 6
13 10
15 20
10 10
16 22
40 34 9
25 22
19 22
15 14
9 14
9 8
33 23
19 19
29 21
25 25
48 74 9
12 17
21 38
22 40
12 20
10 16
33 50
15 14
18 32
32 45
57 62 9
37 40
33 29
37 37
30 29
27 38
17 27
27 17
40 37
35 24
100 100 9
45 59
12 14
59 48
40 28
67 46
53 45
41 42
69 68
31 34
100 100 9
70 82
21 20
60 59
62 42
42 44
43 49
74 54
55 58
16 31
100 100 9
6 11
8 12
10 13
12 14
11 12
10 10
9 8
8 6
7 4
57 77 10
30 59
22 43
7 10
37 55
44 60
29 42
9 14
51 68
22 31
23 45
66 62 10
11 12
53 42
5 6
41 33
54 47
24 17
34 25
37 37
22 16
30 35
82 88 10
23 27
33 62
69 71
37 34
46 31
58 70
43 49
27 35
65 78
34 28
97 97 10
13 13
81 89
82 88
83 87
84 86
85 85
86 84
87 83
88 82
89 81
97 97 10
10 19
11 18
12 17
13 16
14 15
15 14
16 13
17 12
18 11
19 10
100 100 10
69 35
73 31
75 29
79 25
79 22
86 21
85 13
89 12
92 9
93 5
100 100 10
29 24
19 31
58 58
67 70
18 35
34 58
27 32
61 58
46 46
12 20
100 100 10
74 48
64 55
45 44
21 38
68 72
64 46
24 23
13 10
95 96
15 17
100 100 10
12 14
23 21
30 32
43 43
47 48
57 56
66 68
77 75
85 85
92 93
100 100 10
6 2
7 37
29 69
80 93
67 97
40 73
12 12
87 87
48 51
40 41
100 100 10
28 43
49 46
21 14
70 46
30 50
76 73
30 44
46 31
38 66
61 64
