100
4 2
5 2
6 2
1000 1000
1000 1
1000 512
914 728
500 499
5 1
1000 489
1000 128
1000 500
1000 499
500 116
1000 2
307 300
316 283
4 1
696 618
500 248
1000 488
999 511
1000 503
1000 498
999 487
361 326
969 933
746 698
2 2
500 117
500 2
905 878
500 128
796 610
799 639
500 250
500 1
664 588
1000 999
999 512
751 668
370 335
452 364
760 701
344 279
999 497
380 340
636 546
999 255
3 2
500 127
648 592
500 91
500 245
295 284
500 500
999 2
652 608
864 663
999 498
999 256
500 255
823 656
560 472
404 377
260 209
565 533
543 449
999 1
431 334
500 251
999 499
500 156
965 760
999 127
280 256
999 261
797 676
999 488
1 1
1000 282
1000 255
999 999
259 218
2 1
3 1
500 249
323 255
999 998
999 128
1000 511
726 646
500 244
942 902
969 921
895 887
1000 256
1000 127
268 244
500 256
