100
5 3 10 5
0 2 5 6 7
1 1 1 1 4
5 3 10 5
0 2 3 5 7
2 1 1 1 4
5 3 10 5
0 2 3 4 7
2 1 1 1 4
1 0 1000000000 1
1
50
5 3 634714215 636
634694377 634695711 634697092 634701554 634708348
92 11 1 80 66
9 2 811138352 708
811068430 811073079 811086462 811086520 811088530 811091294 811094145 811117624 811118710
99 93 74 73 70 67 63 30 28
3 2 733871788 141
733857706 733868126 733870928
100 50 9
7 3 170897439 928
4446074 170828822 170848504 170862955 170863636 170873862 170881725
75 24 45 1 9 26 92
3 1 994197489 381
994169501 994172415 994192407
74 66 13
4 2 937568727 735
937508847 937525332 937525452 937548994
100 93 6 82
6 2 321644422 6
321643823 321643902 321643906 321644004 321644071 321644299
100 88 91 85 18 9
5 2 863738585 894
26414688 863693556 863707183 863721271 863729738
13 55 24 20 77
4 1 849720667 263
849705738 849711699 849713975 849719011
57 35 25 7
4 1 730635046 375
63885016 349811472 730621133 730634515
100 100 37 1
4 2 98282812 267
98257388 98260625 98268478 98280995
98 93 82 91
1 1 1000000000 1000
999899999
100
6 1 801509351 93
801500946 801501425 801505034 801505542 801506660 801508944
91 85 46 40 28 5
7 2 117610695 970
3866551 117518853 117535994 117551712 117552462 117569387 117575330
100 94 77 60 60 43 36
6 1 295241456 989
295145755 295164328 295164809 295192657 295194454 295217258
97 78 78 50 48 25
6 2 245062293 437
245022073 245033322 245043318 245050871 245053481 245056447
99 11 35 91 8 43
7 2 208089918 733
208016790 208021523 208030351 208058942 208074111 208079438 208083614
99 93 82 42 21 14 8
7 1 662786213 369
145284443 238033991 662769614 662778070 662778836 662780298 662783211
100 100 44 22 19 16 8
4 2 122202144 769
122137630 122140562 122163467 122192981
88 84 61 78
8 2 895305197 684
70692851 377400876 895263186 895269040 895269636 895278774 895285399 895292257
15 66 80 18 96 57 16 81
7 1 781638016 620
781582961 781598918 781607087 781613832 781621921 781625596 781632810
93 73 23 46 6 39 4
8 1 420206482 807
20084122 28811902 420181518 420182499 420189165 420191396 420193880 420204322
49 47 20 5 3 5 1 40
3 1 404363433 247
123110805 404344667 404352066
100 76 47
7 3 453682257 55
453677143 453677513 453678066 453678560 453680600 453680725 453681385
98 51 38 47 20 9 11
9 3 376674632 351
15346553 64012951 68558481 376650785 376657964 376662039 376662559 376663888 376668277
63 66 45 76 16 18 12 26 9
9 2 220821738 401
220786696 220787224 220796877 220798593 220803767 220805107 220809089 220812557 220819626
88 87 62 57 45 42 31 22 6
3 1 942591643 220
942570707 942576310 942579978
98 21 68
3 1 81089261 598
81030414 81063269 81074028
100 15 70
10 3 607103587 606
607044771 607047020 607047245 607051930 607058490 607066373 607072450 607091965 607092461 607100381
87 31 93 78 28 19 41 1 10 1
2 1 146604199 272
60235206 146590479
61 68
9 1 167406276 601
167346469 167346659 167348146 167351133 167378155 167378538 167386396 167399755 167404312
100 65 98 15 58 19 93 45 26
9 3 138205291 881
138119844 138123068 138136150 138139221 138143961 138164051 138172282 138189099 138194343
100 95 99 62 72 35 14 20 12
6 2 913931447 78
913924380 913924632 913925020 913925281 913925880 913926863
95 94 91 85 80 91
9 1 621545625 755
621478384 621488887 621493172 621500767 621502330 621503408 621508555 621526505 621544194
47 53 76 2 55 59 68 1 6
4 1 20181596 413
8548544 20169511 20171135 20171291
7 99 20 17
3 1 523427257 289
170363617 523403833 523418850
100 100 13
2 2 568258264 29
568257086 568257420
67 51
1 1 1000000000 1000
999900000
100
4 2 337823883 2
337823730 337823738 337823795 337823857
77 73 44 12
8 1 706228652 784
17495179 706170360 706171241 706172367 706182349 706185743 706202872 706211913
100 75 74 71 59 55 32 22
10 1 236606533 842
236542276 236547175 236549802 236554667 236563285 236566961 236570727 236573263 236585083 236604471
69 62 63 12 5 10 38 10 20 2
5 2 705187809 879
155184698 705111353 705136500 705136520 705164818
72 97 78 87 69
6 1 335438397 289
335412441 335414541 335415122 335418252 335430546 335435243
53 93 67 41 3 56
2 1 203357510 986
203305772 203325108
53 33
4 3 755477238 844
755413294 755431969 755448940 755472308
53 42 44 1
7 2 122065820 152
122052271 122053055 122054887 122058871 122062724 122063511 122065280
90 83 71 45 21 15 3
9 2 330695806 732
330639747 330651523 330663773 330669028 330680202 330684005 330687848 330690118 330694603
76 61 44 37 21 16 10 8 1
4 3 366793288 947
83449419 366703544 366721304 366727475
61 95 5 1
6 1 349693810 4
19802348 55679096 349693491 349693497 349693717 349693757
100 100 79 78 23 13
7 2 639161292 198
639141505 639141639 639143009 639143969 639152842 639153012 639157045
52 85 56 33 30 10 32
4 1 370820521 314
370791759 370797406 370813044 370814452
57 96 54 4
9 3 70239557 144
70225191 70228543 70229728 70234623 70236852 70237736 70238483 70238594 70239116
100 77 69 35 19 13 7 6 3
2 1 38952245 52
10380215 30486966
100 100
9 3 388126806 740
8108034 388078829 388078873 388092185 388101215 388103746 388106377 388109047 388115230
17 90 20 18 27 22 95 14 5
4 1 494768051 753
87205782 494707129 494747517 494750562
100 81 27 24
8 3 129467990 642
129408461 129412524 129436272 129439902 129444284 129445782 129449898 129457987
93 86 50 44 37 35 28 16
8 2 957379649 360
957349984 957354974 957357494 957358504 957363222 957363943 957365650 957369317
89 22 17 87 4 37 27 10
9 2 786119677 5
31099329 786119313 786119330 786119377 786119465 786119496 786119499 786119604 786119608
3 84 69 69 6 11 69 12 59
10 3 951383317 293
73406534 233735770 260673510 354797470 370180984 951371031 951377035 951377124 951380545 951381674
77 59 59 42 82 78 1 13 7 43
7 3 834060189 985
125136352 224871536 834001034 834034013 834043724 834048395 834052817
78 30 82 22 75 10 5
3 1 474784537 140
31544472 474777844 474778656
10 99 85
4 3 868858933 270
113791072 868842597 868845768 868849192
69 86 13 65
5 3 446767720 807
446691840 446713244 446742536 446747580 446764467
95 67 31 25 4
2 1 868328945 273
868303390 868328057
95 1
10 1 739996493 394
739968218 739971538 739973799 739974299 739977212 739980444 739980448 739986399 739987227 739987850
70 58 43 10 37 40 6 7 18 19
2 2 109822017 156
3804504 109821732
67 27
9 1 929813488 913
929731157 929735712 929746730 929751553 929763078 929784619 929785170 929785227 929809258
32 16 11 29 26 4 26 10 4
7 1 458768814 642
458705612 458711679 458737180 458740387 458743781 458751998 458756142
99 71 50 79 65 100 77
6 1 280386166 13
25048496 280385110 280385429 280385574 280385832 280386149
1 26 71 99 70 31
8 3 371970803 150
371957915 371961229 371962558 371963632 371963770 371965642 371968099 371968114
2 87 13 11 37 9 1 11
5 2 696028318 178
696013368 696024203 696024829 696025400 696027753
99 82 87 5 58
2 2 1000000000 1000
1 999999999
100 1
10 1 174828569 786
174754846 174764747 174768984 174769358 174780296 174782488 174807838 174809636 174816031 174823573
87 25 61 42 1 49 23 2 1 2
8 3 746496088 146
746481550 746483439 746483522 746485406 746487780 746492236 746494889 746495363
100 87 87 74 57 27 9 5
2 1 631534350 744
300494568 331309978
99 22
10 2 577903657 366
577867586 577868261 577870202 577874057 577874396 577881115 577886494 577886724 577895925 577896313
58 78 21 100 3 2 42 19 10 15
7 3 473018507 775
39443558 472949666 472951627 473000795 473003959 473011559 473015887
2 63 12 17 13 2 25
8 2 235153282 880
3760968 235093066 235094696 235110217 235110765 235111651 235122331 235146143
16 84 79 18 46 23 13 6
5 3 284917670 861
284847952 284868494 284884233 284894839 284898507
84 66 2 23 12
5 1 611508845 368
97477217 611488027 611492801 611495937 611498662
82 49 38 15 20
9 1 889106293 829
94402841 94946403 889052625 889052753 889063018 889083929 889090198 889098287 889104791
100 100 65 64 53 26 19 9 1
6 2 712316674 234
128681592 285129828 342555262 712305736 712314690 712316403
89 94 19 81 86 1
10 1 818757627 511
818715830 818722917 818724850 818725104 818731573 818741141 818744791 818751581 818751663 818755616
81 68 64 64 51 33 26 12 12 3
6 1 48130902 338
48107479 48108909 48112014 48114800 48122603 48125188
8 25 25 16 26 59
3 1 852021193 1
291181230 389128000 423229943
100 100 100
9 1 312566820 522
58585690 312528365 312538211 312542228 312542642 312546202 312549457 312550461 312557019
71 16 59 56 27 29 21 21 12
3 3 935436208 35
935433678 935434660 935435875
83 59 47
6 2 598970259 104
204555972 598963456 598966849 598969268 598969340 598969929
47 74 42 6 41 3
6 2 493806663 231
82807233 493795836 493796373 493797396 493804013 493806280
68 92 27 8 8 1
6 3 590538006 503
590500540 590501386 590502042 590517818 590519442 590528898
100 88 83 100 1 4
6 2 148338377 304
102693417 148310998 148319706 148326536 148330866 148332456
45 3 27 8 68 20
10 1 283393206 59
283388405 283389556 283389581 283390580 283390887 283391278 283391380 283391615 283392124 283392340
93 68 5 68 49 61 53 61 66 61
9 3 249596524 234
6216022 249578627 249579197 249580071 249580475 249583241 249585061 249585546 249591189
100 77 74 70 69 57 49 47 23
4 2 76244367 628
76194011 76201822 76202503 76217362
81 67 67 43
5 2 673771286 473
324167208 673744001 673747918 673758341 673767343
100 58 50 27 9
5 1 964229475 673
964180047 964183938 964194356 964219836 964220071
74 67 52 14 14
