99
6 2 0 2 0 2 0
3 1 0 2 0 0 0
812 336 0 403 0 73 0
369 68 0 181 0 120 0
1000 334 0 333 0 333 0
999 1 0 499 0 499 0
379 174 0 117 0 88 0
438 86 0 147 0 205 0
6 3 0 3 0 0 0
797 240 0 296 0 261 0
6 1 0 3 0 2 0
776 759 0 5 0 12 0
431 142 0 37 0 252 0
895 356 0 319 0 220 0
607 132 0 207 0 268 0
4 2 0 2 0 0 0
562 220 0 127 0 215 0
735 257 0 291 0 187 0
1000 500 0 0 0 500 0
719 117 0 268 0 334 0
186 77 0 81 0 28 0
1000 0 0 501 0 499 0
107 51 0 29 0 27 0
656 72 0 323 0 261 0
999 499 0 250 0 250 0
535 225 0 181 0 129 0
162 57 0 78 0 27 0
781 368 0 263 0 150 0
842 133 0 313 0 396 0
804 170 0 303 0 331 0
4 1 0 2 0 1 0
720 232 0 149 0 339 0
750 378 0 368 0 4 0
570 236 0 119 0 215 0
5 0 0 3 0 2 0
999 250 0 500 0 249 0
625 255 0 208 0 162 0
5 1 0 3 0 1 0
612 25 0 121 0 466 0
4 1 0 1 0 2 0
979 302 0 227 0 450 0
605 113 0 272 0 220 0
4 3 0 1 0 0 0
557 126 0 241 0 190 0
486 184 0 177 0 125 0
602 160 0 239 0 203 0
426 133 0 153 0 140 0
502 106 0 236 0 160 0
47 11 0 23 0 13 0
907 447 0 453 0 7 0
277 33 0 107 0 137 0
7 3 0 2 0 2 0
721 317 0 285 0 119 0
260 126 0 106 0 28 0
182 78 0 71 0 33 0
999 0 0 500 0 499 0
777 153 0 305 0 319 0
388 160 0 122 0 106 0
575 243 0 172 0 160 0
468 231 0 160 0 77 0
3 0 0 0 0 3 0
181 173 0 8 0 0 0
38 16 0 8 0 14 0
983 237 0 381 0 365 0
115 48 0 53 0 14 0
1000 250 0 250 0 500 0
82 45 0 15 0 22 0
36 18 0 15 0 3 0
1000 500 0 499 0 1 0
923 188 0 402 0 333 0
573 218 0 203 0 152 0
4 0 0 2 0 2 0
3 1 0 1 0 1 0
50 24 0 24 0 2 0
214 103 0 12 0 99 0
530 263 0 87 0 180 0
388 153 0 150 0 85 0
966 362 0 453 0 151 0
834 264 0 381 0 189 0
632 88 0 269 0 275 0
814 178 0 371 0 265 0
164 56 0 72 0 36 0
4 2 0 1 0 1 0
179 9 0 83 0 87 0
5 2 0 2 0 1 0
999 333 0 333 0 333 0
968 90 0 848 0 30 0
373 170 0 38 0 165 0
322 147 0 119 0 56 0
605 208 0 178 0 219 0
157 31 0 56 0 70 0
397 196 0 115 0 86 0
85 27 0 16 0 42 0
951 123 0 746 0 82 0
469 157 0 220 0 92 0
186 69 0 80 0 37 0
141 63 0 27 0 51 0
7 7 0 0 0 0 0
104 0 0 95 0 9 0
