99
6 2 0 2 0 2 0
3 1 0 2 0 0 0
897 196 0 298 0 403 0
424 180 0 36 0 208 0
829 396 0 43 0 390 0
639 288 0 45 0 306 0
999 500 0 0 0 499 0
183 27 0 79 0 77 0
933 230 0 401 0 302 0
785 305 0 350 0 130 0
717 7 0 10 0 700 0
972 213 0 386 0 373 0
274 105 0 119 0 50 0
554 256 0 237 0 61 0
999 333 0 333 0 333 0
800 108 0 376 0 316 0
979 477 0 71 0 431 0
966 392 0 479 0 95 0
742 107 0 575 0 60 0
999 1 0 499 0 499 0
945 307 0 396 0 242 0
577 271 0 39 0 267 0
4 2 0 0 0 2 0
301 95 0 150 0 56 0
241 122 0 104 0 15 0
284 92 0 85 0 107 0
7 2 0 2 0 3 0
5 0 0 2 0 3 0
999 250 0 249 0 500 0
371 334 0 11 0 26 0
3 1 0 1 0 1 0
589 272 0 105 0 212 0
3 3 0 0 0 0 0
756 363 0 44 0 349 0
257 92 0 67 0 98 0
4 2 0 1 0 1 0
261 71 0 64 0 126 0
245 56 0 91 0 98 0
482 237 0 176 0 69 0
968 373 0 471 0 124 0
6 3 0 0 0 3 0
481 176 0 163 0 142 0
738 204 0 305 0 229 0
274 17 0 225 0 32 0
4 1 0 2 0 1 0
349 137 0 74 0 138 0
128 52 0 15 0 61 0
4 0 0 1 0 3 0
664 256 0 252 0 156 0
842 356 0 114 0 372 0
787 163 0 262 0 362 0
1000 500 0 500 0 0 0
4 1 0 1 0 2 0
754 234 0 208 0 312 0
314 46 0 126 0 142 0
940 11 0 926 0 3 0
824 363 0 103 0 358 0
718 281 0 346 0 91 0
887 425 0 357 0 105 0
292 145 0 36 0 111 0
6 3 0 2 0 1 0
626 77 0 266 0 283 0
847 356 0 161 0 330 0
52 5 0 32 0 15 0
759 200 0 336 0 223 0
898 345 0 337 0 216 0
739 231 0 324 0 184 0
594 55 0 518 0 21 0
1000 1 0 500 0 499 0
604 203 0 264 0 137 0
472 227 0 101 0 144 0
5 1 0 2 0 2 0
672 268 0 226 0 178 0
970 295 0 351 0 324 0
863 200 0 289 0 374 0
375 49 0 181 0 145 0
624 236 0 187 0 201 0
357 33 0 105 0 219 0
979 412 0 272 0 295 0
999 499 0 250 0 250 0
3 2 0 0 0 1 0
1000 0 0 501 0 499 0
5 1 0 1 0 3 0
432 178 0 42 0 212 0
548 174 0 259 0 115 0
4 2 0 2 0 0 0
1000 333 0 334 0 333 0
325 77 0 93 0 155 0
583 159 0 177 0 247 0
47 12 0 18 0 17 0
713 324 0 108 0 281 0
115 20 0 46 0 49 0
584 27 0 431 0 126 0
1000 250 0 500 0 250 0
491 60 0 194 0 237 0
910 447 0 120 0 343 0
6 2 0 3 0 1 0
141 57 0 57 0 27 0
834 415 0 272 0 147 0
