10000
6 1
8 65
8 2
1 5
10 15
5 49
5 60
9 77
2 31
10 72
10 81
7 63
10 68
4 20
8 83
4 36
9 50
2 40
10 95
9 73
10 20
6 91
6 7
8 31
6 60
7 84
5 96
6 81
1 25
5 56
9 92
6 43
6 61
2 26
9 46
4 25
1 42
10 9
7 42
4 55
3 40
3 62
5 62
3 66
3 51
2 2
2 69
8 86
2 7
3 1
3 9
4 75
3 82
10 90
9 83
10 38
9 100
3 28
7 24
5 35
8 63
8 99
3 12
3 86
6 43
3 88
3 25
10 45
9 26
1 42
8 67
5 54
3 7
9 95
7 0
3 68
5 22
10 99
1 32
4 30
8 99
3 5
10 10
6 76
7 87
1 28
6 51
6 79
8 25
9 23
3 68
8 56
9 90
4 22
2 16
3 91
4 80
7 35
2 70
8 26
8 39
1 7
1 68
10 20
5 71
4 37
5 25
9 6
1 77
10 6
3 61
7 47
7 26
4 50
6 2
1 47
3 76
5 97
10 86
2 13
6 32
2 83
4 64
7 29
2 51
8 52
10 18
7 49
1 99
2 26
8 23
2 59
5 98
4 6
4 15
1 43
3 95
7 65
7 64
4 99
1 2
3 23
6 62
3 54
10 44
7 46
8 44
6 78
4 80
8 40
8 19
3 26
3 95
3 78
7 94
8 75
3 88
9 1
4 86
6 85
4 26
6 62
3 23
8 57
7 64
9 86
10 27
7 84
3 6
7 44
4 57
4 79
2 58
2 41
10 48
2 75
2 16
4 20
2 37
10 81
1 43
10 44
7 87
8 90
1 76
4 18
8 1
4 85
3 99
5 85
4 14
4 1
4 47
5 37
1 46
6 55
1 52
1 31
3 61
8 66
8 97
1 1
1 85
3 88
9 48
1 79
2 68
7 86
9 54
6 96
10 74
6 55
7 66
5 47
7 89
5 77
10 95
1 83
6 45
7 85
1 86
4 82
9 25
9 68
9 48
9 42
10 10
2 98
2 95
7 89
1 46
9 37
7 33
5 14
9 11
8 50
8 51
9 72
7 36
2 23
9 55
1 51
4 31
5 43
9 46
1 24
5 81
2 1
2 25
6 69
9 65
2 1
4 30
3 26
1 65
3 7
7 16
9 8
6 17
8 85
5 13
9 9
4 9
1 60
10 47
2 1
1 1
2 39
7 26
1 45
3 85
1 76
3 41
6 10
4 25
2 52
10 95
3 66
1 0
6 15
8 97
3 98
10 86
2 47
8 70
4 87
7 38
10 50
6 15
9 13
8 42
6 20
6 24
9 66
4 100
2 60
6 89
4 3
2 63
10 34
5 82
6 42
8 1
9 57
9 65
4 74
8 67
6 17
3 53
8 10
2 69
4 3
1 67
6 36
3 69
7 27
5 42
2 21
2 12
3 35
4 47
9 56
4 89
4 92
7 81
1 43
1 24
4 97
10 42
5 96
3 51
7 39
2 19
5 72
7 52
2 29
10 94
3 13
6 24
5 54
10 58
3 74
3 45
6 46
1 13
6 48
7 73
8 81
6 85
7 34
6 73
2 10
2 46
2 48
6 73
2 44
7 95
1 62
4 32
6 67
10 72
4 73
4 92
7 87
7 41
10 11
7 38
5 23
10 65
9 24
5 8
6 28
4 16
1 84
6 63
5 79
7 53
9 96
10 20
9 29
8 24
6 83
9 94
3 66
10 21
7 14
1 5
1 16
8 50
6 60
2 84
3 90
3 31
9 3
7 27
2 83
8 11
5 39
9 86
10 55
4 69
10 78
4 99
9 64
3 42
5 31
3 70
1 78
5 56
7 72
4 21
7 74
7 76
6 30
4 17
2 70
9 98
2 23
7 25
6 92
1 82
4 10
6 92
9 94
4 87
6 76
10 60
1 11
8 49
3 53
2 39
5 95
2 51
1 55
3 85
3 18
7 68
5 42
7 69
6 68
2 2
5 96
5 93
6 7
5 80
6 53
5 6
1 84
6 84
9 92
3 34
5 92
6 32
2 75
8 52
5 87
6 31
8 92
8 45
5 85
7 96
7 84
9 76
5 5
5 18
2 3
10 86
6 50
6 88
10 54
9 71
5 99
5 84
1 42
2 36
6 32
5 75
1 7
10 89
4 47
7 15
7 70
2 18
9 92
1 75
10 60
5 51
5 22
8 56
2 14
6 79
10 62
6 79
8 85
10 48
9 77
7 87
6 47
8 70
4 23
7 63
9 13
7 3
10 54
2 53
4 82
2 78
10 49
8 99
3 99
9 27
10 36
5 60
7 90
3 69
10 25
7 92
3 49
4 76
8 32
10 32
3 12
1 86
7 69
10 62
3 33
6 69
10 98
9 55
9 88
3 42
1 41
9 56
6 6
5 15
2 59
10 93
10 19
1 9
5 93
1 8
10 45
9 36
9 90
10 50
9 91
4 10
7 31
8 68
1 70
8 72
1 74
1 56
7 70
3 83
4 16
5 18
5 91
5 59
9 99
1 100
2 67
4 49
1 6
8 47
3 97
2 31
10 42
5 58
8 13
2 23
5 63
1 88
5 51
7 59
2 64
9 40
1 54
4 9
6 88
1 23
8 71
8 63
8 43
1 82
2 1
10 88
9 62
3 86
10 3
2 11
7 6
2 5
10 52
9 93
2 76
5 18
6 58
2 80
7 79
10 75
10 30
1 28
3 54
4 62
1 46
3 25
8 79
1 68
3 35
1 14
3 89
2 97
9 14
2 79
9 9
2 4
4 54
10 51
9 77
9 34
4 12
3 71
5 57
2 75
2 12
6 99
4 64
2 98
10 99
9 41
2 2
9 45
4 60
6 15
9 13
7 15
10 73
1 97
9 23
2 66
4 92
5 52
3 38
5 28
10 67
2 12
6 4
2 41
6 27
5 33
3 40
3 7
1 39
8 93
3 92
5 80
4 19
8 67
5 42
5 72
2 42
1 68
4 35
6 80
6 11
1 39
9 98
4 10
4 36
6 74
10 93
8 2
4 85
1 85
10 40
4 45
10 56
3 31
1 68
3 23
3 22
8 15
4 51
10 63
2 4
3 63
5 98
4 59
1 11
4 8
10 55
7 9
8 52
8 46
10 60
9 39
10 8
5 94
8 41
6 77
6 73
9 16
10 60
2 67
4 59
9 73
7 75
6 98
2 97
6 16
8 59
4 59
5 88
9 37
2 44
9 94
5 79
3 82
2 52
6 43
8 14
2 54
2 13
3 53
9 19
5 86
2 91
2 86
8 82
5 47
7 14
10 41
10 63
9 64
10 46
6 30
9 81
9 80
2 59
4 47
2 100
5 70
8 98
3 36
9 81
7 22
1 60
7 67
3 29
6 52
1 61
2 62
5 32
7 73
8 45
4 59
3 37
6 65
1 43
1 100
1 14
8 49
3 93
9 76
6 87
5 97
5 49
3 13
7 40
10 89
10 94
10 65
3 67
10 1
7 89
5 25
6 75
3 55
4 13
7 43
6 70
1 87
9 26
10 64
5 30
3 25
6 34
6 69
6 59
5 60
7 11
4 17
5 77
7 76
9 6
6 75
9 54
2 98
7 22
3 0
2 100
10 60
3 97
7 26
4 35
10 58
2 7
9 96
10 83
6 75
6 67
9 12
10 29
10 5
6 46
6 80
7 51
7 77
5 33
10 38
7 85
7 33
4 9
4 23
6 10
7 23
9 12
1 80
1 69
8 73
5 0
2 25
4 25
1 27
10 70
4 3
1 31
9 10
3 96
1 70
9 74
4 84
9 61
2 49
6 70
4 46
3 80
8 29
2 68
1 6
5 43
1 85
2 69
3 83
1 36
2 31
4 52
7 73
7 94
8 84
6 42
8 48
9 19
6 14
1 42
8 64
10 39
5 20
7 66
9 50
1 35
7 26
10 15
3 7
5 21
6 55
9 24
1 28
10 2
7 41
4 5
2 16
6 96
1 69
6 83
8 100
2 29
7 83
6 15
2 81
4 58
10 70
1 71
1 69
4 100
2 52
10 87
10 53
5 4
7 37
8 55
3 70
4 73
3 28
4 28
2 40
9 21
10 33
6 57
4 75
5 72
9 8
5 11
6 52
6 55
2 56
4 83
4 25
3 23
8 12
2 75
5 47
10 58
1 8
8 45
5 33
7 16
1 74
5 70
2 14
7 52
9 100
7 26
2 98
2 52
2 62
1 35
6 25
6 77
6 23
4 33
2 92
10 56
4 3
6 27
4 40
8 21
9 0
1 29
2 11
10 80
5 23
1 62
3 93
10 35
6 19
4 62
10 30
10 39
10 3
5 37
4 54
3 28
6 80
4 52
10 48
2 8
8 53
10 62
5 85
1 50
10 70
2 47
5 83
10 39
4 57
6 67
6 14
7 57
4 9
10 28
4 25
5 87
8 82
3 83
1 55
4 41
8 20
9 39
3 14
10 4
5 58
10 58
9 71
6 22
5 96
6 21
2 71
8 57
8 90
3 50
5 87
6 65
9 73
3 9
1 78
9 56
7 79
6 82
4 34
4 51
5 39
5 9
4 0
1 2
2 95
5 35
8 76
8 25
1 71
5 92
3 47
1 75
8 54
8 80
3 65
3 2
6 65
3 26
5 90
10 41
9 21
7 67
5 94
5 23
4 96
3 40
8 67
4 20
3 23
1 17
9 34
6 3
1 86
8 9
1 75
5 99
10 99
4 15
2 8
10 98
6 24
9 57
9 25
10 48
4 70
8 3
1 93
1 47
8 97
6 94
1 3
8 66
8 86
4 35
5 25
4 22
7 34
3 23
7 42
5 11
6 68
1 30
8 49
6 62
6 84
10 96
10 18
6 6
9 81
1 88
2 38
7 93
4 72
5 18
7 63
8 54
3 57
5 56
9 61
1 4
4 80
10 84
5 77
10 14
4 47
3 44
3 84
7 52
8 70
9 71
9 21
7 24
2 93
3 78
9 59
5 20
8 98
10 60
2 73
5 59
9 10
2 15
5 87
1 56
4 92
7 13
8 63
4 52
10 55
4 90
8 42
9 40
9 65
1 13
6 76
8 73
10 77
4 18
10 44
3 13
8 29
1 79
5 97
10 49
6 4
9 98
7 76
10 65
6 43
2 20
10 73
3 81
7 33
10 0
9 39
7 91
2 39
1 87
5 73
3 22
8 29
10 55
1 20
1 52
4 65
3 19
3 2
9 29
5 4
10 62
8 53
7 39
6 60
5 72
1 92
6 55
1 52
8 42
6 93
1 60
8 17
9 40
1 90
9 57
2 90
8 95
7 39
5 6
8 93
5 44
3 82
10 92
10 33
2 14
10 27
8 96
4 43
9 64
5 86
9 82
7 93
7 23
7 38
2 71
5 12
1 12
10 82
7 41
8 20
2 4
7 29
9 53
10 51
5 34
4 47
3 62
9 77
6 36
1 78
10 30
4 8
10 100
1 56
2 88
9 42
7 62
2 61
3 13
3 58
10 40
9 94
7 90
3 58
7 62
2 63
4 67
9 87
9 67
5 9
10 24
8 86
1 81
3 54
10 0
1 38
4 77
5 17
7 14
7 7
5 8
5 97
5 78
10 61
4 55
6 71
10 24
2 19
7 89
5 90
2 68
6 3
5 12
9 28
2 1
6 92
7 57
5 26
3 91
5 55
3 84
9 88
2 16
10 37
8 11
3 8
6 71
1 79
5 47
4 77
5 83
1 65
8 74
3 12
2 91
10 42
6 25
4 45
4 44
4 87
7 67
10 64
1 27
2 72
1 24
3 8
3 79
9 32
4 74
3 40
6 92
6 87
9 85
2 39
1 45
10 84
8 25
6 30
4 98
10 39
8 8
1 37
8 97
5 38
6 61
3 37
4 2
4 18
4 28
9 33
8 48
10 48
1 12
7 2
1 91
10 66
4 58
7 36
4 6
1 2
2 17
8 96
1 69
8 89
5 98
4 69
9 52
6 12
1 41
4 10
8 93
9 19
3 16
6 28
1 87
1 77
5 11
5 40
9 94
6 53
6 29
8 41
2 11
5 85
9 80
10 64
9 80
4 48
3 94
2 89
10 2
2 73
8 78
1 70
1 61
6 20
5 83
3 63
10 46
7 67
5 98
3 8
4 88
2 58
2 49
7 12
5 97
8 32
2 41
1 12
3 69
5 78
6 15
3 4
2 47
7 35
5 79
5 8
5 39
2 52
3 48
2 33
7 70
8 33
2 68
3 8
5 62
9 84
3 1
4 71
3 49
8 80
9 54
8 14
3 6
10 43
5 51
8 31
6 81
2 49
10 69
9 85
10 81
8 55
9 56
2 95
2 19
5 17
2 88
1 35
6 32
9 13
10 8
4 76
4 42
5 39
6 25
3 38
4 89
3 95
10 49
2 20
1 43
2 74
7 35
1 59
8 23
1 87
7 33
8 56
4 73
10 23
1 31
9 25
10 67
4 87
3 82
8 72
2 65
8 58
3 19
2 73
3 52
5 17
3 42
7 44
2 64
6 11
6 70
3 97
10 51
2 81
6 46
6 33
2 75
5 74
2 49
2 30
6 75
2 39
5 83
10 77
9 47
5 5
3 83
9 69
10 52
3 74
8 91
8 58
1 0
10 89
7 23
1 92
7 82
9 6
5 50
6 16
3 31
10 41
4 65
8 1
1 78
2 74
3 53
7 97
3 21
10 84
10 19
9 96
1 49
4 25
7 10
9 68
9 92
2 6
10 58
7 72
8 32
4 60
6 93
9 85
1 37
3 100
3 63
10 17
6 56
7 74
7 40
4 22
3 92
7 7
7 95
3 22
10 78
6 46
7 14
6 54
1 56
7 49
5 35
3 56
3 90
5 17
5 4
3 83
6 48
2 70
8 6
4 66
8 89
3 80
5 10
6 80
4 94
8 31
7 1
5 31
10 58
1 98
4 78
7 98
6 25
6 35
10 15
2 86
9 87
6 34
8 70
1 10
5 35
2 63
9 93
6 21
4 51
6 63
7 25
7 98
9 87
5 94
9 36
9 52
9 39
8 90
7 96
4 53
4 61
1 45
4 0
3 83
2 21
1 34
8 92
10 99
9 42
5 65
2 73
8 79
2 70
6 80
1 68
1 54
4 59
10 66
4 8
8 98
6 75
6 98
3 86
1 19
5 98
2 67
1 45
8 97
6 36
5 54
7 78
2 17
1 21
5 33
5 95
4 79
3 40
5 89
3 88
4 39
1 37
5 14
3 74
10 67
7 74
1 78
2 6
6 62
10 63
1 28
6 44
10 28
3 28
9 54
4 75
4 29
5 73
9 63
10 71
4 85
5 53
7 77
2 29
6 91
7 61
1 14
5 41
1 39
5 54
7 47
10 57
1 79
2 5
9 23
7 29
8 92
1 28
5 93
9 40
8 32
5 27
9 100
10 12
5 71
6 86
1 34
9 69
9 78
1 52
7 54
10 76
7 23
2 15
4 45
7 54
6 50
2 66
4 13
6 55
5 59
4 89
7 27
6 70
4 23
5 60
8 64
2 98
5 85
1 30
1 82
10 2
3 65
5 45
6 88
4 99
9 24
8 65
3 37
1 76
9 40
7 62
1 88
3 67
6 21
2 95
8 61
3 54
1 6
3 20
7 14
5 11
2 4
1 14
8 28
6 55
9 28
2 80
1 46
8 3
2 0
5 17
9 4
10 34
8 84
2 38
10 74
7 56
2 72
7 9
6 11
3 34
2 37
10 77
6 25
9 67
6 17
4 76
9 68
1 47
1 99
10 3
8 83
1 61
1 32
6 80
7 22
5 68
7 24
10 9
3 93
9 100
2 19
2 68
5 83
8 33
5 49
7 69
4 85
1 71
7 14
9 61
4 49
6 34
5 47
4 26
7 4
7 88
5 28
8 62
2 23
3 77
10 84
9 77
4 69
3 55
7 95
4 6
5 23
4 74
1 77
10 55
4 68
8 84
2 66
8 97
2 91
10 55
10 90
1 56
5 16
6 54
6 45
6 22
4 73
4 66
8 28
7 25
2 41
5 80
6 10
2 14
5 85
6 0
6 43
3 11
3 45
3 44
9 66
7 63
1 43
3 52
4 30
6 41
10 82
4 35
3 4
3 88
9 40
4 54
8 62
1 15
8 94
10 47
8 94
8 50
2 5
9 55
2 19
4 5
8 20
9 27
8 77
4 68
1 83
9 57
2 96
10 38
8 85
5 60
2 49
4 97
10 5
9 21
4 63
6 7
4 23
8 52
10 27
8 81
3 19
6 99
10 62
6 59
1 66
7 93
4 65
3 37
10 59
4 87
4 67
3 41
5 63
8 72
4 25
3 88
10 1
10 72
6 30
10 36
5 65
4 70
3 95
2 74
6 5
10 53
8 69
3 94
7 85
5 99
2 51
9 52
4 30
6 75
6 26
7 19
4 83
8 93
7 0
1 39
10 13
1 15
1 8
6 81
5 42
10 51
8 39
2 65
4 95
3 44
7 52
10 64
3 65
5 4
1 70
3 35
7 44
4 89
4 28
1 17
8 72
9 13
8 83
1 5
1 4
10 35
5 81
9 42
6 32
3 94
1 61
2 8
7 80
6 16
10 66
4 84
10 49
7 76
8 61
7 94
1 30
5 78
7 2
2 87
3 65
9 85
5 51
2 89
10 96
5 100
3 44
5 11
8 53
4 1
9 13
10 42
2 72
3 22
1 83
2 46
3 9
7 65
2 8
4 100
8 34
9 67
3 97
10 70
10 77
5 11
1 28
8 44
4 76
3 82
1 11
8 18
10 2
5 37
2 98
2 4
8 51
5 61
3 65
10 51
3 88
10 77
4 83
9 17
6 32
10 10
3 50
6 57
2 43
10 22
8 48
6 7
10 6
7 60
4 63
9 54
9 23
4 49
4 22
5 31
5 33
7 27
6 9
7 38
7 84
3 63
3 75
1 25
5 5
1 9
6 71
6 30
1 10
2 76
5 28
8 40
4 13
4 10
5 8
1 6
4 87
6 44
1 76
7 21
5 11
8 67
1 73
8 80
5 61
7 30
10 77
2 49
9 81
3 9
2 16
10 32
7 88
5 73
10 8
2 28
4 2
4 23
10 87
4 5
1 10
6 79
3 9
6 53
5 78
4 80
10 23
2 33
9 89
3 81
8 36
8 90
7 56
6 84
6 40
5 75
8 26
9 83
1 52
1 71
9 64
7 37
9 79
10 44
7 8
10 57
2 63
3 49
1 20
10 88
10 68
8 49
4 91
2 47
4 27
10 55
9 95
5 23
5 74
5 75
3 86
10 8
4 78
5 8
7 93
8 32
2 100
8 68
8 46
2 85
9 57
2 89
8 4
1 64
6 72
4 8
1 50
6 15
9 14
2 80
6 12
4 20
1 81
1 24
8 92
6 70
3 44
7 68
7 77
7 68
7 85
3 31
9 72
6 68
2 56
1 86
6 23
4 88
8 90
1 63
9 30
8 48
4 96
5 35
7 79
10 6
8 20
10 43
3 27
4 1
4 30
8 66
6 53
3 63
10 98
5 95
8 41
4 71
9 94
2 21
10 76
6 29
9 33
5 54
2 25
9 98
2 64
6 8
7 21
3 28
9 52
2 75
8 30
6 39
3 73
3 42
10 57
3 84
2 92
8 58
5 65
1 74
9 7
5 33
6 51
6 65
6 97
5 19
1 96
3 40
1 69
3 95
5 66
10 35
2 2
1 37
6 33
10 85
7 66
8 62
8 71
10 44
6 80
6 30
9 8
1 53
8 45
2 45
6 9
5 33
8 13
10 50
1 94
9 37
8 63
1 52
9 84
7 7
9 31
1 19
2 6
5 31
4 76
6 84
7 26
10 22
5 35
9 83
3 66
3 8
2 86
1 96
6 31
7 4
8 37
2 6
5 21
8 40
7 75
8 75
4 83
1 24
1 81
7 91
10 40
10 55
1 92
2 41
4 86
2 16
6 73
9 19
3 92
6 27
6 98
8 51
2 65
8 46
7 77
7 78
3 5
1 11
4 64
10 21
10 54
6 74
1 44
10 60
9 28
9 86
10 99
8 31
1 56
9 23
7 80
6 24
3 81
3 60
1 0
6 59
7 7
4 18
9 86
10 10
10 29
9 53
1 44
5 47
3 80
3 47
5 60
1 21
5 74
1 72
10 93
3 40
8 91
3 66
2 83
9 45
1 32
10 21
5 13
7 24
9 61
10 4
9 13
5 61
7 43
5 11
3 68
10 80
8 88
8 44
10 83
1 35
2 21
1 80
1 44
7 75
9 8
5 71
2 84
5 80
1 6
3 65
5 66
9 46
3 2
6 83
5 0
4 57
4 51
3 66
9 83
8 8
1 50
2 100
5 72
2 16
5 29
4 82
10 91
8 99
6 47
3 48
10 71
9 66
2 71
2 89
2 99
3 39
5 77
1 39
5 81
2 48
5 42
6 28
2 63
3 15
2 25
5 48
1 41
2 97
7 43
10 3
4 3
4 26
6 16
9 8
6 35
10 83
8 87
3 87
4 96
7 66
2 70
5 40
1 77
7 59
5 27
9 93
2 34
1 74
5 17
4 45
10 72
2 7
6 26
3 84
5 56
3 25
8 74
5 3
9 47
1 21
2 67
9 89
2 45
6 89
5 42
10 57
4 25
2 16
10 1
6 48
8 69
6 15
1 16
6 48
1 45
3 26
5 39
2 75
1 34
8 40
6 39
10 48
10 52
5 29
6 5
2 52
8 67
10 70
4 6
8 68
1 40
8 98
10 77
5 99
10 67
7 26
3 54
10 90
6 24
6 78
3 44
1 71
7 84
6 34
2 90
1 11
1 86
4 63
9 57
10 6
6 51
8 80
5 89
4 48
9 62
6 30
1 88
10 67
8 92
3 44
5 54
1 65
5 26
4 0
5 40
3 19
4 23
1 32
8 39
1 78
7 30
1 15
4 16
4 49
2 58
3 52
8 20
6 36
3 70
8 63
7 71
9 69
1 74
8 78
9 25
10 25
10 33
2 5
5 63
7 16
2 75
10 78
3 66
3 19
6 26
9 48
9 27
2 14
9 70
10 16
1 25
5 96
10 20
3 56
5 81
7 14
8 1
10 97
2 35
10 59
9 76
9 93
8 59
1 41
8 33
10 95
6 59
5 38
6 30
4 84
1 10
4 75
6 34
6 56
8 90
9 15
1 51
3 74
9 76
10 21
8 2
8 78
2 24
2 9
10 65
3 10
6 13
10 13
7 11
10 68
3 11
1 4
7 24
9 82
2 71
6 5
3 13
2 76
8 73
7 41
6 22
8 88
10 90
7 11
8 36
3 75
2 70
10 59
6 33
8 6
5 28
1 75
2 31
1 43
2 38
1 40
10 30
7 85
2 86
4 61
8 20
4 49
6 71
5 45
6 32
8 17
3 95
1 37
1 27
8 77
10 84
3 0
10 5
8 58
4 19
9 76
10 53
9 65
10 24
6 61
10 41
2 15
7 21
6 38
5 92
5 5
2 99
8 42
10 73
4 78
9 62
8 15
4 26
7 86
3 66
8 65
6 43
6 57
5 94
7 45
2 66
1 66
2 62
7 4
10 32
4 54
4 62
5 78
8 0
4 66
9 62
1 26
7 45
7 99
4 40
6 92
6 62
1 39
3 49
1 1
6 53
2 64
5 29
3 82
4 30
4 69
5 2
3 0
8 20
3 77
2 11
8 95
9 15
2 55
1 96
3 68
4 93
6 26
4 56
7 54
3 97
3 36
1 50
3 19
5 13
5 93
10 21
4 42
8 5
7 54
10 75
3 6
1 3
8 38
9 82
1 88
5 6
9 51
10 66
1 31
7 40
10 33
2 36
7 68
8 48
6 53
6 17
7 71
2 72
7 1
5 29
1 9
7 17
9 76
7 55
5 30
1 63
3 77
1 37
7 25
7 63
1 76
2 33
8 88
5 0
1 85
10 61
1 56
9 67
4 57
9 21
10 56
9 8
5 43
1 26
1 30
9 29
1 72
2 47
7 82
10 85
2 53
1 18
7 2
4 11
2 5
3 36
4 44
2 40
6 56
6 19
10 24
3 8
8 30
2 24
10 33
5 58
10 62
6 73
2 38
6 75
9 88
3 61
2 85
7 41
7 45
9 37
1 39
1 83
7 11
8 55
4 47
8 51
10 78
6 82
4 14
2 6
8 16
10 89
10 0
10 91
7 47
1 34
3 14
1 77
8 81
1 32
10 92
1 23
10 49
10 45
5 98
9 23
3 28
7 44
2 23
7 81
7 57
10 44
5 50
2 83
5 95
4 92
2 45
9 31
4 28
2 57
6 12
1 98
4 0
5 7
8 97
2 4
8 37
5 33
3 11
6 34
8 72
5 63
4 24
8 77
1 100
8 12
2 22
10 32
4 83
2 49
3 34
7 97
3 66
4 51
5 2
6 72
8 91
9 69
6 36
9 71
1 79
6 16
4 69
5 11
3 61
3 15
3 7
4 82
5 87
7 4
7 1
8 10
10 52
5 1
10 1
5 17
8 42
7 77
4 11
4 91
9 22
5 58
6 41
5 93
6 100
8 51
9 58
2 32
2 89
5 42
3 25
7 47
8 65
4 16
7 37
2 57
1 88
4 91
4 96
5 63
4 88
10 28
9 3
4 81
7 58
9 77
2 99
5 98
7 38
1 30
7 64
8 39
3 2
4 76
3 19
7 62
8 3
8 17
9 92
2 87
3 74
9 3
8 81
5 57
1 30
3 85
3 97
9 16
4 44
7 52
9 100
5 61
5 50
1 48
6 58
1 37
10 87
1 69
6 88
1 46
9 90
1 71
3 15
5 54
1 93
10 49
2 72
4 0
2 65
9 89
2 35
3 75
10 32
5 60
6 67
9 36
6 73
7 50
8 60
4 99
4 20
10 12
3 60
6 78
8 2
8 100
2 100
3 1
1 44
1 26
2 0
7 15
7 11
2 100
2 88
5 54
4 27
7 85
4 65
9 33
7 2
3 63
8 79
7 13
10 40
2 82
7 71
8 46
3 89
5 82
6 30
4 36
1 92
1 65
7 0
9 42
5 16
10 29
8 30
5 21
3 55
10 58
6 99
5 70
2 57
2 96
10 70
3 57
4 39
6 2
7 21
8 43
9 86
3 22
7 30
2 77
3 17
10 3
2 80
10 93
2 55
8 90
2 15
1 67
10 81
1 88
4 5
1 39
3 60
10 53
9 12
8 15
8 0
4 85
8 88
9 31
1 42
1 54
9 23
3 97
3 73
7 62
4 75
1 24
2 25
2 87
6 4
8 77
9 46
10 34
9 6
3 61
4 90
1 92
8 54
9 70
8 13
6 13
8 86
10 9
4 8
2 95
3 66
5 86
2 61
5 25
1 37
6 59
7 16
10 22
3 71
4 76
5 14
2 3
6 27
5 62
9 45
9 85
2 15
10 48
3 94
8 17
1 58
2 23
5 41
3 62
10 57
1 98
4 57
3 32
1 49
6 48
2 60
3 50
8 85
4 69
9 81
10 94
8 32
1 63
5 38
5 50
6 36
6 20
6 58
1 98
3 90
4 73
7 44
2 4
5 66
6 10
7 12
4 17
4 31
3 64
3 78
1 77
8 52
6 57
9 12
6 21
9 43
10 44
6 58
1 11
2 36
6 34
8 82
10 68
4 23
3 99
8 98
10 35
3 99
6 85
4 90
8 80
1 10
8 70
5 76
4 17
10 53
1 32
7 63
9 70
7 65
5 18
5 94
10 6
5 29
10 96
8 59
6 4
4 10
5 65
5 46
2 49
1 80
1 16
9 71
10 61
9 4
7 32
2 64
2 34
2 19
9 27
3 46
6 21
2 67
5 46
7 98
4 82
8 62
7 72
1 92
5 89
5 69
4 28
10 13
3 39
4 18
6 21
10 43
6 32
6 67
7 40
7 67
5 76
9 67
9 100
6 78
2 37
1 19
2 53
10 78
9 90
7 42
6 63
3 38
5 11
3 65
10 72
3 90
3 14
6 11
4 34
10 3
5 65
8 4
9 37
1 66
1 41
7 67
2 6
4 75
4 16
8 67
4 41
5 45
2 22
9 14
6 55
4 85
1 62
8 20
8 24
4 15
6 11
10 64
10 57
7 41
2 26
8 87
4 33
10 73
7 49
7 3
10 75
8 79
3 17
10 62
10 52
1 63
8 83
3 84
1 85
8 31
2 46
3 63
4 45
7 62
2 12
6 66
7 75
3 39
10 17
5 68
1 69
10 2
4 33
2 30
3 80
5 49
2 16
10 95
3 39
4 1
7 17
4 53
5 71
2 92
2 51
1 36
3 19
4 49
2 48
1 49
4 48
1 65
6 52
5 7
8 3
8 50
1 2
3 93
1 14
7 58
9 55
4 30
1 66
5 76
5 87
7 72
6 31
2 9
9 88
4 68
7 70
2 8
9 54
6 62
10 94
8 33
2 66
7 81
2 63
7 44
3 55
2 92
8 23
5 13
7 65
7 12
6 46
9 32
7 14
2 85
2 7
2 89
2 22
5 29
2 24
8 52
8 17
9 70
4 64
4 48
8 0
10 99
7 34
4 80
9 39
7 58
3 37
5 67
6 29
2 0
3 62
1 59
1 53
3 30
9 100
2 64
7 68
10 80
7 12
4 81
4 52
5 16
1 4
10 79
10 91
3 43
8 68
4 17
8 47
6 88
6 71
7 63
9 54
6 17
5 83
7 12
3 26
7 51
9 45
6 91
2 85
2 70
6 37
2 89
6 36
9 55
8 21
1 75
7 45
5 20
3 29
3 99
5 7
7 19
5 55
9 64
4 16
3 90
4 64
3 54
6 63
1 93
4 76
3 55
3 29
5 93
9 80
2 97
5 94
7 65
7 14
2 74
5 94
2 89
4 90
2 31
1 77
8 95
4 32
9 71
8 62
1 78
6 91
10 35
10 93
8 68
5 68
9 80
3 35
5 64
8 4
3 84
8 4
2 100
9 31
3 96
5 3
9 58
1 36
7 18
4 7
5 45
3 10
10 98
3 67
4 46
6 42
6 80
2 0
3 17
10 10
1 80
8 80
6 86
5 67
3 2
10 42
4 2
8 26
6 50
6 31
2 11
7 89
10 22
6 43
4 12
8 19
4 66
6 50
2 97
8 50
4 24
7 39
4 0
4 85
10 45
4 74
8 72
5 1
10 50
1 18
10 50
3 69
8 12
4 87
1 60
10 60
4 54
1 38
3 35
6 87
9 2
5 66
1 90
7 7
9 0
5 6
3 46
9 86
6 77
3 77
10 7
2 11
3 30
9 78
8 6
3 31
10 40
6 43
4 32
6 52
1 52
2 21
4 84
2 20
1 15
8 75
6 22
10 82
4 25
3 46
9 50
8 32
7 99
4 75
2 21
1 30
6 88
4 31
10 9
10 37
10 64
8 98
6 44
6 82
7 36
6 73
5 41
4 23
2 4
4 21
3 97
1 32
2 87
8 51
6 55
10 89
6 2
4 60
7 19
10 95
8 70
4 23
8 54
5 67
5 97
6 71
6 50
10 84
3 80
2 78
9 43
3 7
10 92
3 72
2 43
2 48
10 80
2 14
6 87
2 88
10 29
5 90
9 17
10 97
8 49
6 38
2 59
9 14
9 30
2 10
9 80
2 46
1 44
4 15
8 90
4 53
7 40
5 80
10 25
7 59
3 77
3 44
4 32
1 13
8 39
1 45
9 66
2 37
1 83
4 96
7 23
1 39
9 79
10 3
9 59
4 3
5 52
7 81
9 8
3 74
2 98
2 27
1 76
4 26
3 89
1 12
6 68
10 85
6 46
8 18
8 15
2 59
8 17
6 25
9 87
3 27
6 4
1 75
2 87
8 90
1 76
10 69
7 18
2 32
10 78
7 75
5 54
6 85
2 48
10 12
8 8
1 74
8 88
3 92
6 72
5 30
2 26
8 73
8 31
10 44
2 38
1 86
1 44
3 51
6 23
2 6
7 67
4 32
2 39
3 13
7 63
6 22
5 3
4 63
9 78
5 65
7 32
2 44
7 60
9 56
5 85
6 73
8 51
1 3
6 32
7 13
5 3
9 59
1 68
10 6
2 17
4 26
10 69
8 93
4 40
8 2
9 32
3 60
8 16
3 74
4 24
1 27
7 41
4 13
3 56
5 74
4 43
10 39
8 99
9 14
5 72
5 25
7 3
9 99
8 99
7 36
4 52
10 61
8 84
6 26
9 19
8 11
4 23
2 97
5 32
3 21
5 20
9 53
5 20
3 35
9 72
2 96
1 51
1 24
6 94
4 52
7 33
1 91
8 3
2 23
1 25
7 36
4 42
10 0
10 93
4 58
1 6
8 77
7 23
6 93
7 44
7 83
1 14
7 59
1 84
6 36
6 50
10 50
2 9
8 68
5 45
3 43
2 57
2 51
7 14
10 69
8 94
10 53
9 16
8 59
1 61
1 98
5 90
6 41
9 56
1 75
10 43
9 41
3 35
10 84
3 99
6 100
9 29
3 16
3 43
7 96
1 89
6 41
7 51
2 75
3 22
1 2
1 2
8 62
9 14
8 6
3 23
9 26
1 34
5 81
5 37
8 95
8 98
9 81
6 80
8 27
8 49
6 83
10 88
2 13
7 34
6 78
8 21
3 20
8 16
6 83
9 82
6 46
3 70
10 39
2 1
8 79
6 88
10 99
5 27
6 98
5 73
10 65
1 14
8 27
2 81
10 43
4 7
7 35
1 56
3 82
3 16
6 41
10 59
1 85
4 99
1 22
9 25
5 31
5 35
7 100
3 21
5 25
3 64
6 35
10 27
2 76
5 4
5 4
4 88
4 24
1 72
2 37
1 79
2 17
7 31
6 23
9 33
1 31
7 77
3 90
6 98
6 20
7 72
5 91
5 90
2 75
4 52
4 11
6 42
9 78
6 53
4 48
9 6
4 32
3 14
9 57
10 80
8 31
10 49
2 10
2 88
4 64
10 80
5 98
7 48
1 73
2 81
5 26
7 48
5 23
5 87
1 11
8 56
4 8
8 17
5 37
5 78
6 74
6 11
9 71
4 43
4 59
6 89
4 14
1 97
10 28
5 25
8 54
2 35
1 29
7 11
5 29
8 19
3 89
2 73
7 8
5 62
7 62
6 53
6 34
4 76
7 3
4 35
8 48
5 59
6 67
4 44
6 92
10 60
8 71
7 14
4 62
1 36
2 57
4 49
2 87
6 27
8 25
8 35
8 21
7 96
8 19
3 67
4 61
9 97
8 63
10 45
4 29
9 72
7 17
4 49
7 56
8 26
1 54
5 63
5 64
5 89
10 74
6 4
9 63
7 47
1 11
6 60
2 72
5 56
4 98
3 18
2 85
2 21
5 88
5 41
1 42
4 96
3 36
6 96
4 20
4 47
3 95
5 53
3 89
6 69
8 14
1 5
3 49
4 25
9 42
1 72
1 5
7 60
6 1
9 77
8 14
8 9
1 53
5 61
9 82
10 74
3 100
6 85
8 30
7 68
5 90
2 62
4 54
6 44
6 85
5 9
10 35
1 0
3 32
3 46
7 13
7 32
3 40
10 93
2 96
8 62
1 17
5 95
9 60
10 11
2 24
8 80
7 19
1 29
10 25
5 45
2 23
7 99
9 59
9 83
4 25
10 62
6 36
9 63
4 9
9 37
2 34
2 66
5 14
4 33
1 65
9 52
10 12
9 49
7 91
5 49
8 30
9 49
1 34
9 44
4 97
7 14
8 55
3 89
4 2
8 59
4 8
2 14
3 29
7 52
6 81
1 34
1 72
2 30
1 7
1 25
3 22
4 90
9 25
2 55
1 1
2 54
2 49
6 32
5 2
9 76
10 35
5 66
9 19
7 45
2 73
4 98
8 47
10 9
7 40
8 54
1 71
5 21
6 72
4 14
6 69
4 92
6 70
2 68
6 6
6 21
10 88
4 47
4 14
1 76
10 90
2 79
8 46
7 19
3 98
6 3
3 91
2 23
3 54
7 92
1 57
1 21
6 99
8 79
9 79
7 55
8 13
9 51
6 97
6 4
5 89
2 40
9 65
6 65
8 19
7 24
2 73
10 16
3 31
7 19
7 9
4 49
7 94
5 6
3 80
7 38
2 82
1 9
10 61
8 86
3 29
4 59
6 7
3 19
3 72
8 11
3 29
8 8
8 67
5 14
1 17
2 3
5 49
10 40
10 80
3 63
1 75
5 2
3 19
5 5
7 93
10 28
3 75
10 39
7 17
7 2
3 9
1 20
1 95
1 59
9 41
9 58
8 24
4 23
6 76
2 100
6 11
7 67
2 95
8 39
10 0
5 98
3 98
8 50
5 23
7 33
9 30
6 60
6 57
6 71
2 70
4 59
10 36
10 49
1 8
4 17
8 56
8 58
6 91
3 26
4 88
4 86
2 2
2 96
7 15
9 39
7 39
5 25
7 17
7 40
7 91
5 37
5 31
2 6
1 85
7 51
7 44
7 48
7 16
7 6
2 8
5 9
10 0
5 19
9 33
10 59
10 84
7 42
5 42
9 97
2 11
3 89
3 74
5 69
4 70
8 100
6 70
3 84
5 50
3 85
6 15
10 55
5 0
2 40
10 32
5 45
2 0
10 65
6 72
1 2
7 57
1 23
6 50
2 97
9 22
2 22
3 16
6 74
6 73
9 77
3 38
9 55
6 44
5 89
1 58
2 82
8 51
2 4
7 73
3 68
4 62
5 35
4 55
7 9
4 97
6 11
3 23
10 26
6 15
5 27
8 53
2 75
6 57
9 67
10 17
9 17
1 79
6 49
7 90
2 8
10 11
6 55
7 51
9 17
8 95
6 62
7 20
2 2
2 55
8 75
8 0
8 55
1 94
5 97
7 49
1 23
8 96
6 11
6 72
7 2
5 44
1 43
9 79
3 15
9 95
2 72
2 92
2 16
7 96
7 78
5 70
4 1
4 88
2 67
2 23
2 58
4 88
10 37
7 86
3 4
3 35
7 44
5 100
8 18
2 57
1 68
9 68
10 45
3 30
2 62
8 89
4 69
6 97
3 22
10 33
7 91
5 100
7 82
1 67
4 21
9 50
3 26
4 73
10 35
7 91
6 90
9 2
5 46
6 100
2 92
5 28
3 56
3 16
1 73
10 41
7 92
9 38
3 81
1 49
3 52
5 59
8 19
2 73
3 50
8 75
9 75
9 42
5 98
7 78
1 37
2 15
8 100
5 83
6 33
4 64
3 78
2 7
3 21
8 94
6 14
6 42
8 77
3 82
7 78
5 95
10 88
4 3
8 42
10 13
6 59
4 24
6 8
5 50
8 31
4 9
10 5
7 59
4 92
1 18
6 97
1 61
9 45
1 82
5 76
4 33
2 9
10 28
7 55
3 59
5 3
4 36
1 49
6 61
10 12
1 33
10 10
1 62
5 0
5 91
6 31
9 10
6 95
8 87
2 10
10 81
1 53
6 27
8 75
9 15
1 58
7 59
9 60
9 1
5 13
9 61
3 80
8 21
8 0
6 41
1 70
8 67
2 8
2 36
7 78
10 29
10 60
8 60
8 12
4 7
1 30
4 41
4 39
6 70
5 98
4 10
8 71
2 75
5 17
2 18
2 43
5 82
2 93
10 97
2 10
3 72
4 7
3 71
4 98
7 29
3 26
2 38
3 40
3 35
1 56
3 73
4 50
1 51
9 81
9 82
2 48
5 97
3 90
2 90
5 20
5 6
2 87
4 41
5 43
8 11
10 42
7 11
7 96
7 47
5 88
10 32
10 79
9 25
2 50
9 51
5 15
7 13
7 21
2 5
10 92
10 97
10 49
7 7
4 57
7 69
10 20
5 65
4 19
4 51
8 30
9 90
1 57
6 59
5 36
3 9
7 30
2 56
10 24
8 12
1 83
6 23
9 73
5 33
3 96
10 15
9 98
6 46
9 100
8 54
7 33
6 45
6 42
7 12
6 54
2 56
1 84
8 4
2 14
2 78
10 34
4 70
6 72
2 66
6 31
6 63
1 97
4 57
2 91
10 66
4 37
9 17
3 67
5 99
9 75
5 6
1 61
1 18
1 36
7 99
2 34
10 71
4 94
7 10
7 38
2 65
4 9
6 81
3 68
9 12
3 57
9 66
1 60
6 38
4 100
5 35
5 34
6 51
7 70
4 3
9 9
6 92
9 26
1 0
4 45
2 40
8 57
8 4
3 10
8 87
7 62
2 35
6 40
4 49
5 96
1 70
10 80
6 93
4 70
5 47
7 0
9 63
5 47
4 33
8 55
5 0
6 8
1 95
6 27
6 72
9 13
5 0
10 56
1 9
4 26
8 16
6 50
1 0
10 88
8 90
10 85
9 89
7 13
5 96
9 36
7 20
10 62
10 30
1 58
2 12
2 33
3 37
5 87
2 2
9 64
6 72
1 35
10 90
2 52
8 69
9 34
9 94
6 98
1 79
4 60
2 23
8 34
2 8
1 76
7 100
9 23
4 22
5 37
3 88
5 4
7 71
2 3
10 62
4 8
5 46
3 26
1 26
7 17
8 38
4 79
7 79
6 100
8 81
6 95
8 34
9 89
8 59
8 66
6 37
1 72
7 16
4 77
9 63
1 6
2 62
9 60
5 35
9 13
7 32
5 100
4 35
1 87
9 48
4 48
6 35
10 88
4 16
3 68
9 80
2 85
9 57
4 85
5 10
4 79
1 60
8 18
8 12
3 1
5 30
7 80
5 50
1 88
8 11
1 39
9 71
5 95
10 81
3 14
10 24
7 60
3 33
3 20
4 21
8 39
9 79
10 42
8 49
3 83
7 28
4 94
2 31
4 13
3 5
1 9
10 60
6 21
9 56
1 95
4 54
5 13
7 48
9 90
7 32
5 2
10 17
2 69
2 9
4 64
7 66
10 13
3 49
10 90
8 100
2 16
1 63
4 66
7 87
10 49
7 100
8 1
9 29
4 77
1 13
10 89
6 47
10 1
9 3
8 3
9 1
7 44
3 71
1 27
8 20
9 72
5 41
8 13
5 52
7 77
4 8
3 35
4 14
9 90
7 23
9 3
3 78
4 21
7 74
1 11
7 21
3 4
3 50
10 5
9 31
10 37
3 47
5 88
1 25
2 52
3 14
8 75
2 85
8 87
10 31
10 2
1 75
7 31
1 51
2 35
4 80
5 87
5 48
10 36
2 91
10 4
9 57
1 77
6 70
5 54
6 40
4 88
5 72
7 71
1 4
7 3
10 50
4 72
7 16
9 10
10 68
10 41
5 36
6 87
9 32
10 65
10 14
5 23
9 41
1 91
6 100
5 40
10 11
8 56
6 14
5 54
7 11
7 86
1 77
5 86
9 60
6 73
3 48
1 42
6 26
8 55
1 38
1 36
5 54
10 43
7 37
3 70
7 91
8 4
3 19
5 47
5 80
9 17
5 35
9 95
1 13
3 11
3 16
3 95
3 29
9 14
3 62
3 95
5 44
6 32
1 55
8 76
2 74
2 18
8 56
10 23
6 79
1 60
8 28
7 5
3 4
5 68
9 37
2 16
6 76
7 98
9 34
6 21
1 51
4 36
7 61
1 78
7 8
3 22
7 24
2 24
9 74
3 14
4 8
7 99
3 64
4 69
9 22
9 68
5 36
4 12
8 14
9 64
9 26
10 33
8 7
6 81
3 69
4 37
7 34
8 38
5 40
3 45
2 77
10 70
6 63
2 94
9 10
1 68
4 39
4 7
10 18
5 67
1 98
4 57
6 80
4 78
4 28
9 90
7 100
10 15
9 11
9 71
3 54
8 27
6 99
1 36
10 35
9 0
9 0
5 9
10 76
4 2
2 85
5 55
4 46
7 75
9 12
6 24
7 93
3 43
1 74
8 11
3 37
3 100
7 30
7 49
7 6
5 96
4 48
3 24
1 13
7 10
5 16
7 55
2 33
7 2
6 66
8 27
5 28
4 11
1 38
1 88
4 44
8 76
7 49
5 91
5 0
5 4
9 12
3 19
7 38
7 27
5 36
8 5
9 53
2 31
8 24
9 25
9 97
1 35
3 20
9 38
3 57
9 7
5 4
6 61
10 100
6 31
1 77
5 96
4 49
4 20
2 23
6 28
9 30
4 83
7 0
10 96
5 18
9 90
2 25
5 37
6 0
2 59
10 40
8 43
8 24
4 71
2 12
5 96
9 21
5 64
7 27
5 25
8 23
6 81
6 78
5 13
9 45
6 28
6 42
4 20
2 85
5 86
4 39
6 61
8 100
6 37
8 16
3 6
5 85
2 18
3 91
3 71
2 65
8 78
4 57
3 11
9 52
8 76
6 50
4 85
3 78
3 80
10 99
9 21
9 47
10 87
3 32
9 71
1 83
3 51
6 8
7 37
3 53
8 96
6 4
1 69
9 59
4 11
3 28
3 88
3 94
7 32
2 90
7 89
9 26
7 7
8 81
9 68
8 46
9 55
3 40
2 24
5 30
2 88
8 34
2 8
8 32
3 50
1 12
1 51
7 78
5 76
4 12
10 66
10 88
7 35
9 84
5 99
9 45
10 26
9 96
5 58
9 28
9 79
9 76
5 94
2 49
8 67
10 20
10 96
1 59
2 52
5 15
3 22
5 86
2 21
5 2
4 60
2 87
8 2
2 5
6 11
2 93
4 78
9 81
8 30
2 44
3 34
4 77
1 53
3 19
8 22
10 73
2 9
8 32
6 24
6 29
5 49
4 8
8 81
10 88
6 89
3 65
1 95
6 8
2 83
4 81
3 79
4 82
2 35
2 94
3 17
10 35
10 21
3 12
4 12
1 83
6 25
8 15
9 26
4 33
5 84
8 86
9 81
6 77
7 100
9 49
4 54
8 14
6 1
3 83
6 92
7 37
9 1
1 13
3 71
10 61
2 12
9 74
6 26
5 1
4 22
1 96
6 36
3 71
6 81
4 19
6 39
5 34
8 56
1 82
8 22
2 38
8 65
4 79
7 37
5 17
1 62
10 91
7 49
1 68
8 38
3 11
8 100
3 95
6 88
7 84
5 79
10 16
6 46
5 97
9 6
3 17
4 15
7 11
2 96
4 37
2 30
6 70
9 1
6 33
6 74
4 14
6 44
10 61
9 27
3 39
7 58
3 76
1 70
4 49
4 69
3 17
5 24
5 6
9 89
3 68
1 95
4 54
5 31
6 46
7 27
10 70
6 65
4 31
8 86
9 68
3 47
3 43
10 17
9 49
5 18
1 0
1 23
5 88
2 13
1 5
2 13
3 85
1 78
1 37
2 0
8 67
5 77
9 99
6 59
1 39
4 7
5 68
1 24
3 39
3 64
8 27
8 99
4 38
1 47
1 73
1 92
1 18
4 63
5 21
5 81
6 86
1 27
5 16
9 90
3 29
2 49
3 31
10 1
4 93
1 52
9 25
6 48
6 30
4 28
4 47
10 11
6 79
5 35
1 0
7 73
8 52
10 64
8 100
4 33
9 24
5 56
9 71
6 5
10 78
7 51
4 68
1 20
9 88
5 100
5 3
2 55
1 6
10 55
5 0
10 4
5 76
3 96
1 82
7 61
3 74
1 89
9 79
5 1
3 50
10 37
6 63
8 12
8 23
5 97
1 3
3 7
6 63
1 77
4 79
4 58
3 97
10 46
5 28
5 89
4 21
4 50
10 17
5 8
1 45
7 18
8 13
3 88
7 91
9 26
10 69
4 31
5 70
7 85
6 34
3 81
6 69
6 74
8 32
10 38
9 6
7 26
1 79
7 52
6 8
9 2
9 76
7 40
6 85
9 96
4 17
4 78
8 60
5 47
2 67
7 58
4 63
8 26
1 12
5 17
9 11
3 52
2 44
9 50
6 42
3 16
8 72
9 52
3 17
7 58
9 18
1 80
7 61
4 60
1 49
7 18
1 35
4 42
3 77
7 24
2 65
7 68
7 97
7 45
4 69
5 70
7 37
7 74
7 19
4 13
6 1
2 13
6 66
9 1
7 67
3 75
6 75
9 60
2 4
4 72
5 15
4 15
2 61
1 62
8 82
10 54
5 74
8 66
4 17
6 4
5 14
8 79
1 62
7 72
8 55
8 87
5 43
8 65
9 93
4 20
10 66
10 44
6 37
10 44
8 31
4 100
5 39
5 66
6 43
2 39
10 38
7 67
5 44
5 88
7 73
9 100
9 39
2 58
3 62
7 72
3 31
4 49
10 67
2 51
2 37
6 2
7 82
4 93
2 57
9 39
3 65
3 35
4 53
7 43
9 38
6 64
4 27
3 100
1 100
5 71
8 25
2 37
7 33
5 49
1 14
6 56
7 84
1 98
8 88
8 57
5 88
3 44
8 46
4 19
9 79
3 99
10 47
2 21
6 62
3 17
5 71
4 4
4 15
10 85
6 8
1 31
3 39
3 72
9 21
5 68
2 27
7 35
10 58
2 23
5 54
8 91
3 77
4 21
6 97
3 74
3 35
2 91
1 53
6 11
2 42
3 41
6 66
1 5
5 83
7 79
7 49
8 30
6 44
3 51
1 49
10 57
8 40
9 79
5 1
9 24
10 9
10 37
10 16
3 65
7 0
1 34
4 36
9 11
9 72
2 46
6 71
2 47
5 89
2 22
4 23
5 19
8 82
9 47
5 72
6 31
8 89
7 23
4 48
3 80
4 42
9 17
8 86
10 29
1 15
1 53
4 22
10 64
6 89
7 58
9 38
10 21
7 39
4 67
9 63
8 36
6 36
5 6
2 97
6 69
7 63
4 2
1 72
4 51
1 29
6 65
2 43
4 46
2 96
1 54
5 61
8 57
5 51
5 45
10 36
1 95
4 35
1 74
2 60
7 23
10 4
7 42
10 14
3 59
10 33
3 63
4 84
5 77
7 63
3 73
10 58
1 47
4 89
10 89
1 7
2 37
6 75
4 99
10 11
6 17
3 9
9 41
3 93
6 7
7 73
1 65
9 58
9 94
8 64
9 49
8 38
8 51
6 35
4 50
4 44
7 56
10 90
1 4
1 35
3 63
4 61
10 74
7 28
3 84
2 78
9 17
8 57
1 29
8 86
4 73
5 8
4 52
4 61
7 32
8 3
9 0
6 68
9 60
10 45
10 15
6 33
8 66
4 31
8 57
7 78
7 5
3 53
2 63
1 28
6 91
3 86
9 22
4 10
9 15
5 77
7 100
5 29
6 67
3 77
7 0
9 7
9 15
4 59
6 97
8 80
1 67
1 31
3 24
9 62
9 79
10 58
2 46
8 51
2 71
6 25
2 83
6 66
1 37
8 48
9 77
8 84
4 73
4 18
7 36
5 14
3 68
8 86
9 84
4 94
1 68
5 89
6 78
4 18
2 68
8 61
10 67
3 20
8 91
7 15
4 28
10 93
9 61
8 61
3 4
8 31
8 92
2 4
5 58
10 88
4 95
8 31
5 26
3 43
9 61
3 28
2 37
1 39
7 69
7 93
5 20
5 20
5 88
6 94
6 100
5 88
5 46
8 52
9 5
6 29
5 49
1 57
3 74
8 92
4 94
1 46
3 36
4 27
7 9
3 45
7 79
7 72
1 3
2 78
1 36
9 54
1 3
5 85
6 50
9 31
3 31
4 57
4 76
7 37
5 35
10 49
4 50
1 12
10 87
6 52
3 54
3 53
1 78
8 57
8 33
3 29
4 61
10 49
8 50
4 36
7 100
2 81
7 23
9 3
2 14
9 18
7 66
1 29
4 31
5 25
10 82
10 71
10 46
5 8
9 44
7 61
5 10
8 58
2 41
7 6
10 52
5 58
9 32
2 35
8 48
7 66
8 86
2 40
5 11
10 78
9 100
10 82
9 2
10 93
6 2
3 41
8 20
7 29
7 59
1 97
3 72
4 65
6 67
4 52
3 99
10 28
6 59
6 100
2 79
7 50
7 71
9 70
9 63
4 61
3 68
7 9
6 94
9 56
6 9
10 63
9 90
7 11
10 52
2 17
1 39
3 1
8 98
4 64
9 4
6 49
10 69
8 58
2 17
1 2
7 91
9 82
8 9
9 18
3 11
3 59
3 2
9 4
4 20
8 59
2 64
1 16
9 53
7 90
1 76
7 79
6 78
1 85
7 72
8 50
1 10
2 76
1 1
10 42
10 55
1 9
3 73
7 22
10 90
2 48
5 20
4 28
3 62
2 49
9 90
10 91
2 0
10 10
3 20
10 21
5 70
8 70
6 88
3 92
5 55
10 61
2 95
8 49
8 30
8 62
5 66
1 54
10 25
2 95
3 78
1 44
3 56
5 6
8 17
8 55
7 67
2 36
4 37
6 75
8 87
8 23
1 3
2 5
2 41
6 85
6 50
6 2
8 72
7 84
2 51
1 84
7 37
8 28
10 61
1 29
6 96
10 78
7 4
4 62
2 42
1 25
3 0
9 64
8 1
1 74
1 52
3 0
4 30
7 38
1 12
10 7
2 31
6 38
10 49
4 22
1 59
9 42
1 39
2 38
8 92
5 87
4 58
2 83
2 62
9 80
6 71
8 83
7 8
9 85
10 26
2 73
10 36
10 93
6 3
9 23
2 100
2 22
7 37
7 54
6 9
8 92
10 91
10 97
3 29
8 14
1 6
2 39
9 55
3 38
3 2
10 93
8 86
7 83
10 6
10 75
4 25
3 58
2 88
8 25
9 45
10 75
7 88
5 77
6 12
5 8
5 21
7 40
2 76
7 18
7 54
9 11
3 80
2 97
6 52
3 21
7 34
1 67
10 4
5 84
9 61
8 61
4 51
8 91
8 83
5 36
2 94
7 12
5 25
8 73
10 5
3 20
6 51
2 33
5 65
9 63
9 11
3 77
10 18
6 64
2 16
1 79
9 17
5 26
3 23
1 92
5 98
7 50
1 87
5 79
5 95
5 48
9 68
6 19
2 53
3 33
10 93
9 37
6 60
1 99
2 30
9 82
9 31
4 75
3 29
9 90
5 46
5 34
8 1
6 78
2 57
4 85
7 71
2 34
10 19
6 60
3 25
9 47
6 64
3 35
6 48
5 10
2 92
4 42
1 39
9 54
5 36
3 94
1 18
8 17
3 35
6 52
5 7
4 46
3 43
10 65
7 83
9 27
6 80
2 47
5 84
5 83
5 33
6 79
2 39
6 76
1 62
7 18
10 21
8 42
9 71
8 42
7 42
3 43
10 8
3 27
7 33
2 45
4 90
5 11
8 41
7 99
1 92
7 52
10 100
9 27
9 91
10 77
1 7
3 22
8 42
2 41
10 42
8 100
9 75
3 1
2 2
9 64
1 68
8 98
5 66
3 3
2 24
2 94
1 89
4 61
9 7
7 29
6 45
3 26
10 12
6 33
3 14
3 0
8 9
10 7
3 80
8 15
10 14
1 58
2 22
9 51
6 83
9 8
8 91
4 49
2 3
7 21
9 87
7 80
1 18
4 87
8 50
3 54
8 54
3 8
4 91
3 55
9 60
8 87
4 66
9 78
3 64
4 24
2 78
2 56
1 81
4 53
1 68
10 45
6 66
7 92
4 48
5 92
9 96
5 64
1 10
8 48
7 8
5 44
2 50
4 98
9 39
8 10
2 67
6 5
7 75
6 24
10 32
2 71
2 26
7 90
10 88
8 85
3 28
5 79
2 79
8 47
4 74
10 69
2 75
2 97
6 39
4 25
6 54
5 68
1 9
9 41
10 55
5 13
2 52
3 92
4 71
2 55
1 23
5 47
4 68
10 85
6 44
9 92
2 88
7 15
1 51
2 61
5 46
4 37
5 42
7 80
5 98
8 56
4 38
4 83
3 29
7 36
1 17
1 21
1 3
10 88
7 72
4 62
4 42
2 57
8 50
7 13
8 42
9 30
7 88
1 78
5 59
6 20
10 40
1 33
1 67
3 20
1 22
3 79
10 17
5 3
7 59
10 57
3 77
3 35
1 42
8 88
1 89
7 32
7 91
7 4
10 10
5 80
7 35
9 46
7 32
3 63
4 37
5 74
7 17
3 51
2 79
6 82
1 83
9 55
6 100
1 85
7 6
6 24
7 12
10 0
7 0
1 40
7 28
10 57
10 7
4 17
8 42
2 25
2 81
7 53
3 54
3 98
2 36
10 77
4 11
2 32
6 46
10 78
6 65
2 97
7 48
5 5
5 66
8 44
7 12
8 32
6 0
8 41
3 79
6 25
5 91
5 57
9 2
1 89
3 28
4 0
6 54
10 99
3 37
5 70
10 71
6 8
4 3
10 72
7 36
4 28
10 5
6 22
6 72
2 82
8 41
1 59
4 18
8 36
5 77
9 19
4 57
2 24
9 68
6 1
2 53
4 97
10 89
8 28
2 77
8 89
8 23
2 7
1 55
6 34
10 33
4 50
8 81
6 96
8 56
3 64
9 3
3 63
6 47
1 9
9 11
3 31
9 7
5 1
5 57
8 29
3 31
1 79
5 22
3 60
3 66
2 52
6 25
1 11
4 48
4 97
4 100
1 57
2 20
4 42
8 11
8 18
7 49
3 61
1 96
5 37
7 40
10 60
7 32
9 6
4 38
8 16
7 59
7 46
4 36
3 21
7 28
1 15
8 21
4 84
6 56
1 53
5 61
4 2
6 83
6 67
5 36
4 56
5 76
7 64
6 22
4 21
1 18
4 10
6 31
10 84
7 53
8 36
1 45
10 77
5 33
4 23
1 80
2 21
8 45
9 82
6 12
7 13
8 8
3 13
4 66
6 83
1 57
2 28
2 30
6 5
6 58
3 4
4 27
7 50
1 67
10 61
2 60
3 37
6 20
6 3
8 29
1 59
1 5
5 40
7 78
7 37
4 0
9 55
9 95
7 68
4 68
4 32
2 22
3 57
10 40
9 37
1 21
8 43
1 25
9 21
4 10
7 11
6 15
5 99
5 39
4 14
1 12
9 24
3 15
2 10
2 73
4 26
2 86
8 29
3 77
6 90
10 38
10 76
10 39
5 34
5 99
1 41
6 99
3 63
6 47
8 37
10 62
6 29
1 9
3 79
10 3
1 59
3 17
5 68
8 64
9 29
3 44
5 8
8 23
1 10
4 43
6 50
4 12
7 41
9 47
3 38
1 15
2 6
5 51
5 58
9 16
9 44
5 97
7 74
6 40
6 91
2 15
5 68
10 54
1 76
4 98
2 40
8 71
1 9
6 56
6 7
7 78
6 12
2 46
10 23
8 47
8 100
8 53
1 13
5 46
2 87
2 11
1 70
7 74
1 4
9 3
4 65
10 23
10 7
7 21
2 64
6 2
6 31
5 55
3 38
9 54
7 61
7 39
4 88
4 90
10 2
8 10
4 70
2 42
6 67
7 29
4 3
3 41
1 0
2 10
7 82
3 48
5 61
7 72
9 78
5 18
8 3
2 52
7 30
9 58
10 89
4 39
9 74
3 46
4 75
4 18
9 71
1 85
2 39
8 8
3 33
7 5
10 51
6 72
10 13
6 24
2 84
4 82
6 37
7 55
8 94
9 77
8 56
1 45
4 10
6 48
5 33
3 55
6 63
4 41
2 33
10 80
8 9
9 52
6 34
7 37
4 51
10 20
4 97
2 98
8 22
10 20
1 75
5 58
7 17
6 51
7 25
8 18
1 58
8 22
8 77
4 51
2 34
5 0
10 94
3 13
2 89
2 57
3 56
7 41
1 5
10 59
10 50
10 73
4 72
2 73
3 64
10 75
10 10
10 70
5 31
7 11
6 4
1 34
6 70
9 27
4 36
3 0
5 58
3 67
8 46
7 4
1 18
9 59
8 73
7 93
5 55
2 46
9 100
3 95
3 50
5 14
4 46
6 72
5 87
1 31
9 15
9 77
4 23
10 98
1 81
8 79
8 61
5 57
1 72
7 33
6 0
5 29
2 69
2 81
5 68
2 53
5 46
8 14
6 76
1 42
10 4
2 74
3 31
9 39
8 70
2 6
8 58
1 84
5 77
1 43
7 15
1 57
1 8
4 13
4 65
3 55
2 16
1 95
7 49
9 82
6 87
2 73
7 11
7 100
2 57
4 66
2 15
1 44
8 78
2 43
7 73
3 80
4 28
3 83
3 22
1 61
3 9
6 100
10 99
4 59
2 56
7 14
3 54
3 78
2 83
9 8
1 100
3 77
6 49
8 83
4 19
6 38
2 51
4 96
10 16
7 100
1 19
10 93
1 50
1 16
7 49
4 51
9 98
9 37
1 53
7 7
6 63
7 8
10 75
5 87
7 14
9 32
2 37
2 7
8 44
4 76
4 23
2 9
3 66
10 26
9 87
8 87
8 36
8 98
8 18
7 89
5 74
9 4
2 45
7 83
6 36
4 60
7 13
10 59
9 79
8 15
2 22
2 59
7 71
7 84
4 64
3 72
8 95
4 44
8 73
8 21
2 78
4 71
8 12
5 65
7 0
5 50
2 67
2 34
1 40
3 48
4 53
4 50
10 7
5 41
10 79
7 88
6 49
8 54
4 63
3 46
9 97
9 85
10 55
1 48
5 31
5 2
1 43
4 75
3 85
1 4
5 53
2 87
7 48
8 84
6 24
3 91
8 87
8 93
4 49
2 93
9 86
10 73
5 68
7 67
1 30
3 37
3 18
9 57
3 98
2 47
3 50
6 80
7 19
6 26
1 67
8 83
10 28
10 51
7 18
10 43
10 27
9 56
5 87
3 60
3 62
8 63
4 83
10 23
3 39
1 56
6 94
5 64
2 42
8 17
4 4
8 94
3 93
1 76
1 77
5 23
3 83
5 4
4 80
3 30
6 85
9 10
6 39
1 1
9 52
6 94
7 82
4 19
2 35
3 50
2 84
9 52
8 34
2 64
2 2
6 94
2 62
7 99
4 99
4 54
7 95
10 57
3 38
6 52
7 53
4 32
6 44
1 100
9 33
6 67
3 87
7 87
3 47
6 20
3 26
1 1
8 35
1 94
3 52
2 36
7 94
9 61
1 5
5 19
3 68
9 55
4 47
6 89
3 56
3 43
3 7
1 56
10 62
3 23
5 82
7 42
4 87
4 6
8 99
2 61
6 65
4 71
8 19
10 62
8 30
9 92
7 65
8 80
2 47
7 47
6 68
10 77
4 22
10 85
3 36
6 66
1 38
3 83
9 55
8 95
7 70
3 42
9 61
1 21
1 90
6 80
1 45
10 89
9 0
2 12
3 9
5 64
9 26
9 26
2 99
2 8
3 96
7 10
7 28
2 93
1 53
1 6
8 24
6 44
9 40
7 32
7 74
9 19
9 50
2 95
5 27
1 51
1 10
10 83
5 2
1 4
8 17
4 16
9 1
1 16
8 43
10 86
1 91
3 37
7 83
7 60
8 8
10 97
3 50
7 1
4 36
9 79
10 91
9 2
4 99
8 62
6 98
6 67
8 85
4 65
4 46
10 89
1 67
8 11
4 84
1 67
5 64
3 31
10 31
2 22
3 38
2 88
2 88
3 87
2 5
4 9
1 57
8 64
5 69
2 52
4 93
5 35
10 41
1 37
2 0
10 38
6 0
7 73
1 12
6 68
3 48
8 88
9 18
4 79
3 67
5 89
5 69
9 97
9 8
4 30
9 62
2 87
1 94
1 10
5 72
1 0
3 14
4 45
1 91
7 20
7 15
10 68
10 19
7 22
6 8
3 90
1 76
8 96
4 52
5 78
5 67
7 18
6 69
1 41
3 79
1 21
1 63
10 73
1 94
2 74
4 48
8 72
5 52
10 95
1 72
6 70
10 52
8 2
1 62
3 14
5 4
7 37
9 72
9 26
2 44
9 46
5 62
1 94
6 23
9 30
7 87
4 30
3 100
7 45
4 32
2 100
9 34
3 24
8 71
6 15
4 50
6 77
3 20
7 43
9 23
6 42
8 66
2 47
8 88
7 81
1 45
7 72
8 69
2 54
9 68
7 88
6 15
10 17
8 39
4 42
7 55
10 20
7 60
3 46
4 83
3 33
10 48
9 81
6 21
9 7
4 22
4 96
10 30
8 35
10 2
10 71
7 28
4 29
6 98
2 29
2 75
8 34
9 35
10 77
4 52
3 63
4 75
7 49
6 91
9 78
8 74
5 90
4 26
5 25
8 12
7 31
5 16
10 61
6 94
7 30
7 27
5 42
2 56
4 90
10 6
1 92
3 9
2 47
1 86
4 12
1 84
3 26
4 49
1 96
8 10
7 65
7 64
10 63
10 79
2 46
1 2
6 9
5 67
4 4
7 57
9 85
5 39
7 23
6 79
10 69
8 84
2 8
4 40
4 5
8 24
9 64
8 57
2 97
3 41
5 82
5 59
4 24
5 38
2 51
4 42
10 63
1 60
10 42
8 8
5 69
2 51
6 19
3 53
4 27
4 34
1 55
3 46
4 47
3 17
4 9
5 33
7 27
1 75
10 23
2 21
6 24
3 44
9 63
4 33
1 52
6 25
8 46
10 80
9 4
9 72
10 81
10 43
6 45
7 68
10 54
4 44
10 23
1 10
7 26
7 16
3 13
3 24
7 16
3 10
9 66
5 21
2 70
3 20
10 89
7 12
4 20
2 8
4 35
2 10
7 81
10 14
9 73
10 56
5 48
3 2
3 10
8 2
8 34
9 100
9 88
1 83
2 12
3 82
1 32
8 23
2 7
5 42
6 40
3 72
10 61
6 9
7 75
3 8
2 2
2 32
4 66
5 68
10 21
10 73
6 26
9 3
4 52
2 11
8 60
2 43
7 33
2 76
7 97
7 31
9 10
6 6
7 93
1 44
6 90
2 84
8 20
1 7
1 74
7 8
3 85
3 31
10 96
2 98
4 73
7 70
9 65
6 36
1 14
7 76
7 94
5 39
6 22
10 64
5 38
7 31
2 34
9 23
8 41
5 69
5 71
9 0
3 93
3 2
9 30
9 58
6 49
7 63
4 68
8 19
6 99
2 9
1 2
1 12
6 62
7 59
3 63
7 40
1 6
2 52
9 35
9 31
2 72
5 52
4 34
10 10
10 42
10 62
7 79
8 53
2 81
7 8
2 35
8 15
6 73
8 0
8 14
6 2
6 65
5 96
7 34
10 74
1 53
2 66
10 82
1 78
4 15
10 50
2 50
7 51
5 52
1 16
8 58
1 97
1 50
2 16
10 86
4 53
4 44
4 90
6 26
2 63
6 22
9 91
6 4
5 41
2 10
10 33
4 68
8 73
4 5
3 100
10 19
1 92
2 4
8 4
9 95
8 75
4 4
9 84
2 45
1 23
1 84
4 40
7 70
2 52
9 20
4 17
2 23
5 74
1 1
8 73
2 18
5 97
4 16
2 91
6 62
4 63
8 84
8 5
3 33
10 14
1 63
1 51
4 98
1 84
6 26
6 40
2 86
7 93
4 73
4 87
6 88
8 32
9 25
9 82
1 95
9 10
5 49
1 28
4 34
4 40
6 68
10 71
5 94
3 42
8 79
1 38
8 63
9 63
4 1
1 35
5 0
5 80
3 100
3 0
3 92
4 53
1 33
5 9
9 0
9 77
1 83
7 98
8 28
6 43
9 77
3 21
1 42
4 54
9 15
1 65
2 7
2 49
2 70
3 41
1 38
4 71
9 98
4 94
4 91
10 8
7 71
5 12
9 43
1 39
9 24
8 54
8 83
7 54
3 0
10 70
3 29
3 39
6 64
10 63
6 44
8 37
3 29
8 85
2 51
6 41
6 47
7 100
1 73
6 54
4 5
2 57
7 15
6 11
7 77
7 76
9 25
2 41
2 48
10 95
4 87
8 93
1 28
7 11
9 74
2 16
3 7
4 28
4 18
6 45
4 95
6 84
8 98
2 74
10 64
1 87
9 10
2 71
8 0
1 45
5 76
9 48
2 85
5 73
8 81
2 38
2 86
8 80
1 22
9 71
4 35
9 63
9 21
3 27
3 65
7 31
4 89
7 65
5 18
4 58
3 95
3 25
7 15
6 38
6 67
5 92
3 45
5 11
3 93
2 19
8 52
10 26
7 59
5 9
8 99
3 90
5 25
7 40
6 65
4 57
4 74
4 20
2 10
4 24
6 5
3 29
1 12
3 92
1 72
2 47
10 62
7 45
6 41
6 52
9 17
2 23
9 59
2 14
2 15
2 50
5 46
6 45
2 31
10 99
5 68
1 32
4 97
4 8
1 42
7 47
10 54
1 85
7 61
4 33
2 72
10 20
9 5
6 45
3 83
4 52
6 27
9 32
8 56
4 97
2 4
9 15
3 2
9 32
3 98
9 50
8 34
6 82
2 6
3 7
1 38
1 24
2 24
1 43
2 85
9 55
10 62
9 8
4 76
10 97
6 86
1 81
6 59
2 69
4 93
7 32
8 20
6 24
6 71
6 36
6 89
3 64
8 85
5 45
6 90
6 16
2 12
4 62
4 57
10 2
7 74
2 36
7 86
10 21
10 26
7 6
10 80
5 27
5 53
8 41
7 4
1 35
5 77
10 67
9 95
1 45
5 82
3 91
1 15
4 83
4 38
1 94
9 30
3 34
10 57
3 23
7 37
7 11
2 30
4 49
7 85
9 96
6 89
2 6
1 2
2 23
6 70
2 73
2 12
7 43
9 65
7 97
3 76
5 81
3 36
1 15
8 22
5 49
4 54
6 1
2 71
4 55
5 57
5 83
5 75
4 12
6 70
1 93
3 63
6 73
5 6
7 5
6 12
1 36
1 91
7 14
1 96
4 20
8 29
6 24
8 29
2 60
1 5
2 18
4 77
7 41
1 37
10 31
8 29
4 50
6 49
3 28
3 32
6 96
7 34
7 85
1 62
10 16
4 36
2 5
8 49
6 35
10 79
6 86
9 9
2 58
4 45
4 93
4 25
3 61
10 84
10 12
8 16
3 41
10 72
1 28
8 76
1 70
8 34
5 41
3 60
4 0
2 43
3 85
3 78
2 64
1 3
3 100
7 98
5 27
8 60
7 99
1 80
5 64
1 35
1 75
9 76
8 70
2 61
7 73
10 61
7 24
2 45
5 79
4 49
10 82
9 61
7 56
4 33
3 25
2 59
7 54
8 15
4 50
3 85
7 26
5 2
1 40
6 64
7 65
5 35
8 81
10 76
4 53
6 47
6 57
3 38
4 24
6 40
8 16
5 60
4 53
3 84
7 20
2 95
3 47
1 32
6 25
6 4
9 72
8 20
7 94
10 33
10 77
5 76
2 15
6 33
1 81
8 58
9 81
5 9
10 68
2 36
10 9
9 14
7 87
1 33
3 98
6 82
10 99
1 69
7 31
4 34
7 68
6 13
7 19
1 82
1 53
9 28
9 95
5 91
8 50
5 24
2 11
10 61
10 80
9 81
7 7
6 20
1 81
9 70
8 33
2 64
2 95
6 46
10 8
9 99
4 91
6 93
1 18
10 17
8 81
10 18
6 23
6 65
9 32
10 56
7 77
9 1
8 100
1 32
2 81
10 49
2 74
2 17
1 80
9 33
2 86
1 79
10 90
1 78
5 77
8 33
6 80
4 85
10 35
4 7
10 89
5 92
1 2
3 86
6 91
5 85
7 90
3 98
10 24
6 92
10 65
8 29
5 17
2 8
7 20
6 21
7 95
4 58
6 9
9 43
8 30
10 8
6 40
6 60
9 31
9 50
8 62
7 39
10 81
7 33
1 47
6 72
5 17
8 1
3 3
3 86
1 34
1 25
9 13
2 81
10 50
6 21
2 27
4 66
2 50
6 20
8 16
7 84
6 57
10 15
8 88
10 95
2 11
10 72
1 89
2 84
5 19
7 57
7 94
5 29
7 56
6 57
7 79
1 38
8 3
1 76
7 78
10 98
3 78
7 14
2 75
9 89
4 89
7 66
1 19
8 6
4 69
8 71
10 95
2 17
7 27
7 71
8 52
2 5
1 85
1 31
7 38
2 22
8 80
6 8
10 60
9 18
2 41
9 88
8 76
1 30
5 46
3 33
10 100
9 13
6 97
2 71
1 45
8 66
9 14
9 47
9 66
1 10
10 34
7 11
5 95
4 42
10 47
2 14
8 67
6 82
6 81
1 88
10 45
5 32
3 46
6 71
2 55
8 47
10 89
3 35
9 63
1 48
2 83
1 97
5 41
10 44
1 47
8 62
2 69
9 41
6 32
4 53
6 97
9 76
5 16
6 27
8 60
6 84
4 56
8 71
6 16
1 17
6 81
4 29
4 78
10 45
1 85
1 33
8 19
9 24
4 80
2 18
5 36
2 78
4 89
7 53
7 24
9 75
8 65
6 92
6 47
5 0
9 67
6 83
2 87
5 2
3 21
9 65
7 49
9 75
4 94
4 99
1 36
5 45
4 6
6 64
1 12
1 30
3 90
8 63
10 7
9 69
6 14
9 11
9 49
3 12
5 5
3 87
9 62
10 73
1 84
10 62
2 25
5 74
2 22
1 28
8 58
3 76
1 97
10 80
6 58
3 64
1 48
3 14
9 13
1 21
3 92
1 0
2 9
2 21
7 68
7 67
8 39
9 64
1 41
2 83
8 57
7 37
3 42
8 51
7 13
4 6
9 0
9 36
8 30
6 19
2 77
1 77
1 58
4 31
3 63
5 31
3 45
6 46
8 88
8 69
4 49
7 89
9 50
4 29
8 61
1 54
1 3
6 5
6 47
5 45
6 72
10 19
6 13
2 34
3 90
7 20
4 85
2 12
3 67
2 85
1 87
2 2
8 81
2 31
2 79
3 80
6 20
6 100
6 45
8 63
3 48
4 93
4 78
1 0
4 66
3 1
1 49
2 34
9 37
2 32
3 64
9 57
1 48
4 15
10 42
8 50
10 57
1 51
1 22
7 6
9 47
7 99
2 72
2 10
7 64
3 84
5 9
10 67
6 39
7 13
3 58
4 30
7 47
4 40
7 43
2 69
6 62
2 11
10 65
7 11
6 24
3 5
10 8
9 41
10 56
2 29
9 99
4 56
7 51
10 83
5 29
1 49
9 90
4 11
6 47
6 58
2 100
1 44
6 73
7 47
1 55
2 96
2 91
1 67
2 22
8 49
2 90
8 59
1 29
3 66
5 6
5 65
1 49
3 71
9 8
5 53
9 99
9 1
5 29
6 18
5 95
7 80
2 48
10 34
4 11
2 93
7 69
1 97
3 60
2 69
3 78
8 54
6 85
2 14
2 6
6 3
5 37
1 14
1 72
9 42
5 38
9 93
2 9
9 54
6 37
10 85
1 0
4 33
3 84
5 12
6 30
1 18
8 4
10 14
6 6
9 61
7 27
7 65
7 43
10 63
7 82
6 58
4 89
9 16
10 85
1 26
1 77
1 9
9 45
1 92
9 96
9 44
3 63
6 7
4 27
3 41
4 1
7 57
7 14
9 100
7 47
9 78
4 13
10 42
5 100
10 79
1 97
10 69
7 79
6 76
3 12
10 98
7 53
7 70
8 95
8 64
3 99
5 49
2 9
2 19
8 25
4 94
8 88
4 18
5 63
3 95
5 43
7 65
1 47
2 32
8 61
10 35
1 83
9 24
6 29
5 49
3 8
2 4
5 21
2 44
10 74
6 47
3 66
8 41
1 53
1 79
10 84
7 38
7 41
3 13
4 90
7 65
8 4
6 72
1 92
6 91
1 92
4 69
3 25
1 62
7 0
4 50
6 53
9 5
9 82
3 54
3 16
2 3
3 24
4 68
8 95
5 17
3 40
7 38
7 9
9 35
8 35
8 84
2 22
1 25
7 65
5 10
7 4
3 28
2 52
2 38
2 93
5 45
4 61
2 7
1 82
8 75
10 37
6 78
4 72
6 77
3 28
9 46
8 69
8 17
6 100
2 39
2 62
9 63
8 24
8 80
2 52
7 32
7 90
1 79
5 4
1 59
2 72
9 84
1 53
5 41
9 32
6 68
9 60
9 51
9 24
3 23
10 44
5 76
6 55
3 31
5 1
9 6
10 87
3 10
1 50
3 80
4 77
10 79
3 46
9 90
1 70
8 34
4 37
6 55
6 32
7 4
6 73
2 42
8 48
10 56
3 26
2 84
3 83
2 88
5 60
10 77
1 67
1 33
2 27
6 13
4 3
3 77
1 47
7 96
8 29
4 14
9 24
4 97
3 79
1 9
4 6
9 90
8 62
10 77
7 73
7 88
10 18
6 48
3 16
8 2
9 27
8 68
10 87
4 69
2 41
2 68
8 17
3 69
1 65
5 94
3 87
8 19
10 44
4 96
9 34
4 59
6 100
7 28
7 82
7 61
6 13
1 57
7 65
7 53
3 46
4 66
8 70
10 67
7 62
10 52
3 9
8 1
8 83
8 40
5 87
2 36
5 16
2 72
6 81
2 26
2 2
3 93
2 85
10 45
8 74
10 92
4 6
10 15
7 48
1 75
1 80
4 96
10 48
5 9
3 93
4 53
1 47
2 95
5 29
3 1
9 89
1 45
3 2
10 89
9 89
7 47
3 20
4 68
9 48
3 96
8 70
1 26
3 57
8 66
10 43
1 61
2 93
6 89
10 6
9 36
4 55
5 75
5 78
1 52
8 26
1 43
4 43
7 6
9 82
10 24
6 78
8 32
6 92
1 6
5 95
5 85
6 50
10 56
5 16
5 42
7 60
2 66
8 11
3 63
4 100
5 88
8 43
2 1
5 35
6 14
10 16
6 97
6 66
6 89
9 35
4 42
4 26
4 38
4 0
3 78
6 8
8 49
2 88
7 24
2 26
1 4
9 75
8 0
3 96
8 92
1 41
6 89
2 100
4 10
10 78
2 91
1 73
6 52
1 43
10 99
6 72
8 15
6 27
10 41
1 80
9 51
6 24
7 40
8 25
6 100
3 41
2 30
8 28
6 68
10 51
8 80
1 18
3 62
7 14
7 53
3 84
2 63
10 42
5 66
10 8
1 20
10 64
4 13
3 48
3 70
3 99
6 25
3 32
8 46
2 24
9 57
2 95
3 83
1 51
1 99
4 59
9 80
5 99
9 61
9 87
7 47
5 21
3 49
3 63
9 67
5 20
4 21
4 90
7 37
3 60
2 12
6 5
4 63
1 77
5 82
10 32
1 71
5 65
9 93
6 59
6 47
3 91
2 62
8 4
10 6
1 85
2 24
7 100
4 38
7 74
1 86
8 95
3 52
8 17
3 9
4 47
1 3
10 7
1 86
2 6
7 28
5 62
6 56
10 78
8 34
10 22
9 17
5 95
4 88
10 43
2 57
1 82
5 1
4 34
5 2
8 34
7 37
9 5
3 54
9 42
2 76
4 25
4 47
7 48
2 75
3 68
2 53
10 29
3 18
1 9
8 33
9 27
7 58
8 47
8 46
6 31
6 35
9 66
4 3
1 43
5 87
2 10
8 15
1 84
1 13
2 93
4 26
5 80
7 31
8 98
5 42
9 100
2 54
5 58
5 54
3 26
9 52
4 85
8 33
6 79
6 73
2 64
4 23
5 56
6 68
9 21
2 7
6 90
5 22
2 52
6 64
9 47
4 97
1 54
5 51
10 28
3 46
2 81
7 89
4 56
9 85
1 72
5 27
4 39
8 45
7 11
7 13
2 20
7 27
3 48
3 54
5 99
10 80
10 98
8 25
7 54
5 72
8 85
2 37
1 45
3 37
6 58
9 61
4 28
3 16
2 64
6 46
8 54
4 3
10 89
5 6
8 63
6 50
6 48
7 53
2 42
8 67
5 56
1 46
1 84
1 41
4 6
2 70
10 4
10 38
1 97
9 99
10 29
9 69
6 58
2 35
6 53
4 92
3 44
7 79
8 28
8 77
1 55
3 50
5 26
4 73
2 0
5 93
6 63
6 90
9 84
5 84
7 34
6 95
10 66
9 94
7 73
6 58
2 46
7 80
8 65
8 25
1 44
2 2
1 3
1 1
3 50
6 64
5 99
7 89
7 41
1 19
4 35
1 24
4 95
3 81
3 98
2 96
4 57
4 12
2 26
7 30
3 58
1 92
8 60
6 72
3 75
1 84
3 60
5 58
7 61
2 74
10 38
8 19
7 61
8 88
9 31
4 10
6 33
3 40
9 42
9 27
8 66
8 26
8 43
1 8
6 75
1 39
6 56
4 4
2 7
6 19
4 4
1 76
2 74
10 55
1 45
8 60
2 89
9 60
3 31
6 61
7 43
8 48
10 45
8 67
2 16
2 47
7 65
3 53
1 17
7 13
10 86
3 86
3 14
7 28
2 66
7 81
1 43
5 42
4 11
10 62
3 100
6 73
6 48
3 22
6 38
1 93
7 71
3 10
3 84
5 4
2 91
3 70
6 34
8 95
7 60
4 63
7 27
5 53
5 31
8 13
1 24
7 79
8 15
10 24
5 23
2 2
10 71
3 68
3 15
4 81
1 22
9 61
7 10
3 100
10 96
10 69
5 39
8 45
6 21
4 89
9 58
10 67
9 17
1 17
3 54
6 39
3 86
2 10
8 86
9 26
1 9
3 99
7 14
4 14
7 49
4 99
4 26
2 11
4 52
2 42
4 25
1 61
6 64
1 96
9 99
4 65
5 20
8 12
8 79
8 93
4 40
8 71
3 40
10 7
1 39
10 30
3 77
3 62
8 75
1 1
6 76
3 87
5 14
6 36
1 96
6 10
6 86
3 53
9 41
5 56
6 56
1 63
8 16
6 64
10 94
2 34
6 53
7 13
5 47
2 16
2 86
9 7
3 28
2 65
9 14
9 44
10 66
6 4
5 30
4 13
8 8
6 45
5 19
9 43
2 69
8 56
5 73
10 89
2 13
3 18
4 15
5 27
4 0
7 83
3 85
2 30
1 57
10 20
5 75
8 10
7 99
1 58
4 92
7 76
3 45
6 83
7 53
6 61
10 88
10 79
8 93
2 46
3 95
9 37
8 30
9 29
7 64
8 35
4 29
2 60
7 10
10 87
9 76
2 57
4 44
4 99
2 88
6 41
8 52
4 1
9 76
9 76
5 9
1 91
1 60
3 100
10 64
1 81
1 81
4 89
6 75
6 26
4 86
9 33
9 42
10 61
6 59
7 3
2 77
7 21
10 90
5 77
8 6
4 49
10 71
6 48
1 18
2 5
9 50
5 15
3 43
5 78
4 35
5 64
9 33
10 32
10 70
2 22
2 45
4 46
10 75
8 73
10 4
5 90
2 46
10 27
6 85
9 84
9 13
7 40
5 66
6 17
4 39
9 46
10 96
6 58
3 14
1 79
10 60
5 1
9 38
1 12
4 70
7 78
5 97
7 86
6 51
1 17
4 41
8 24
10 64
6 30
9 10
6 92
6 14
2 46
2 1
7 1
2 83
4 43
2 91
9 46
7 16
8 29
6 10
8 85
3 73
1 48
2 78
8 52
6 20
10 30
3 1
6 54
7 78
6 25
9 65
4 11
1 10
1 0
3 17
8 28
8 83
5 33
6 63
1 62
10 50
10 91
6 28
10 80
3 64
1 22
1 37
4 67
6 40
2 86
1 48
3 87
6 26
9 10
3 81
1 61
2 92
6 21
6 13
5 46
4 77
4 99
7 24
6 92
10 28
8 45
2 92
4 91
9 43
9 32
5 83
4 21
8 30
8 56
10 98
10 31
5 47
1 89
3 60
2 27
8 81
2 7
6 80
10 17
5 61
3 89
6 69
3 34
8 4
3 43
10 1
7 71
3 31
1 11
6 37
7 57
8 68
3 15
6 4
2 62
7 100
7 94
9 49
5 22
4 50
3 21
5 49
10 27
9 75
10 88
6 6
4 35
2 80
3 26
6 24
5 53
9 9
6 70
3 5
6 10
3 88
6 66
1 50
1 77
9 33
1 76
4 35
5 72
2 14
1 91
4 60
2 54
2 0
9 71
4 62
4 36
5 79
8 64
6 7
8 78
5 23
8 73
4 82
3 4
10 55
3 81
6 10
5 14
1 23
8 37
4 25
4 22
8 60
5 43
4 57
9 92
9 55
10 100
1 73
2 72
6 75
4 98
3 72
4 13
2 77
4 4
1 94
10 48
2 86
5 88
2 39
9 26
5 79
1 43
8 71
1 27
2 12
9 56
10 30
2 6
8 59
7 92
2 77
6 84
4 94
2 45
7 90
6 59
5 49
1 51
4 73
6 24
4 32
2 55
6 67
1 74
1 99
7 83
6 18
6 26
3 55
5 58
4 33
6 42
1 29
1 7
9 22
6 10
5 39
7 36
2 7
7 22
6 70
9 57
10 61
9 0
7 57
10 8
1 46
4 80
2 63
8 49
1 9
1 11
10 69
10 70
7 45
10 100
1 25
6 71
6 0
9 97
1 90
6 45
1 76
3 35
9 38
9 3
5 99
2 7
9 45
7 86
9 75
9 97
10 96
6 52
1 55
4 59
1 90
10 67
6 48
4 41
9 85
10 46
2 47
4 69
3 83
7 39
8 69
2 40
3 77
6 46
3 82
8 95
6 33
4 15
10 48
9 33
9 58
9 95
7 7
9 9
2 79
6 66
4 13
9 83
1 74
1 57
7 68
5 44
1 48
8 72
8 56
5 45
7 66
3 3
1 44
9 49
7 24
10 71
7 99
9 82
5 77
9 51
4 77
7 19
9 6
8 38
8 8
3 31
4 33
10 49
5 51
4 41
2 27
10 53
6 87
2 54
3 0
7 18
4 54
10 83
3 6
1 60
7 11
7 71
10 51
5 60
4 47
1 82
10 22
7 36
4 61
4 79
4 45
2 51
1 5
6 67
5 90
4 52
4 25
6 11
4 100
6 47
1 34
3 86
2 85
9 30
6 36
1 30
3 0
2 96
5 86
6 96
6 49
5 18
9 96
8 86
10 77
2 39
7 5
5 26
6 13
10 7
8 24
7 47
8 74
8 21
9 25
9 82
4 3
1 24
5 56
3 70
3 77
1 74
10 93
10 4
5 59
7 66
8 9
5 0
9 86
1 97
5 21
2 90
1 2
10 13
7 9
5 91
10 84
8 67
9 23
3 25
1 50
9 27
4 1
9 3
1 10
6 66
6 74
2 52
7 61
2 96
2 15
6 38
4 57
10 78
3 38
4 84
10 72
4 49
4 1
9 52
8 5
3 1
3 38
10 30
6 41
2 58
2 4
9 63
10 18
2 2
6 45
9 44
2 21
4 25
10 4
6 68
3 61
8 18
10 1
5 85
3 98
4 13
4 16
8 75
8 46
6 57
7 51
3 4
1 37
10 85
6 37
3 43
6 72
10 46
1 15
6 72
10 88
9 90
7 60
7 29
2 11
2 2
1 94
2 36
9 8
3 88
10 0
2 11
6 31
1 98
8 78
5 85
10 62
3 98
8 56
9 91
9 92
1 78
3 60
4 28
8 31
5 15
3 38
2 23
10 71
10 36
1 45
6 79
6 34
2 94
1 39
5 52
6 78
5 14
6 99
9 56
2 68
8 64
2 18
10 100
7 57
7 76
5 77
8 33
5 41
5 10
2 27
10 97
2 55
3 49
9 1
5 56
8 79
4 73
9 95
6 16
3 0
9 78
3 7
10 36
9 95
4 28
8 62
7 44
10 93
5 19
1 32
3 14
10 40
10 61
5 32
1 50
6 47
4 82
6 36
1 48
1 79
9 97
7 98
7 81
6 9
8 64
6 52
9 8
8 39
4 53
10 47
5 81
3 76
10 62
2 90
3 13
2 82
5 99
3 92
10 45
6 92
9 7
7 99
9 75
10 86
8 52
10 21
9 88
5 79
7 65
5 90
4 47
9 8
10 55
5 36
2 96
7 11
3 5
4 55
6 10
2 54
3 56
1 74
5 34
6 24
4 50
3 81
8 3
3 34
7 91
10 15
4 82
3 51
9 96
2 3
4 6
1 44
6 49
6 28
3 1
6 32
8 31
4 81
2 99
6 43
9 0
6 73
2 53
7 44
10 56
3 52
3 13
8 12
6 92
8 22
8 96
2 32
9 25
6 25
1 48
4 88
7 39
5 16
1 8
5 52
4 39
10 53
10 67
8 99
10 73
2 29
7 13
7 48
7 0
7 68
3 70
7 99
8 51
3 90
7 47
3 26
9 63
5 60
8 16
9 93
5 60
9 54
1 2
3 55
1 24
6 83
4 79
9 0
9 85
3 7
2 57
7 98
7 60
9 20
8 63
3 40
4 38
7 100
5 99
2 20
2 67
3 42
7 90
9 43
6 85
6 1
5 41
1 93
4 39
1 60
7 92
10 21
2 90
5 82
1 11
4 64
7 38
2 31
1 7
5 70
7 44
8 43
9 13
9 52
9 84
5 31
1 49
3 42
4 6
6 67
10 11
9 42
1 92
4 72
2 40
9 35
5 56
10 68
1 92
9 78
4 23
5 32
9 74
8 89
3 11
1 40
8 22
3 74
10 69
7 11
6 43
10 38
9 74
5 44
6 31
8 15
9 43
10 17
3 5
10 79
6 70
6 55
2 43
2 46
8 53
7 48
8 5
3 63
2 23
3 23
1 21
6 74
8 63
6 67
7 36
8 0
6 36
8 96
10 37
6 83
2 72
8 56
4 89
3 20
1 57
1 64
10 54
9 95
1 62
5 16
1 58
9 0
4 30
1 0
7 28
5 68
5 75
5 86
8 50
6 5
7 24
1 4
3 57
5 38
2 31
10 46
4 87
6 68
9 53
2 70
10 94
7 1
8 47
4 49
2 91
1 84
7 55
9 53
8 18
6 47
5 30
6 75
5 100
9 25
5 24
2 7
10 61
6 72
9 5
10 1
1 19
2 5
8 14
8 76
7 10
1 24
6 90
3 25
2 42
10 82
2 39
5 5
9 23
5 100
6 90
3 99
3 49
6 45
4 98
1 60
1 8
8 5
4 51
10 30
1 67
8 10
10 70
6 1
3 11
8 94
2 58
5 43
7 44
1 55
6 2
1 7
7 23
1 99
9 27
1 55
8 35
9 48
10 43
