100
1
19
23
68719476736
77777777
67108864
1000001
200000001
9999999
90123456789012
1010000
3020000000
200000000
8796093022208
504030200001
777700007001
98765432109876
999998
11111110000001
10000000000000
77777777777777
17179869184
87654321098765
777707000000
777700000000
45678901234567
11111110000000
99999999999999
4294967296
10010001
777700700001
100010001
777707000001
777700070001
100000000000000
777700007000
21098765432109
2147483648
100010000
78901234567890
8589934592
35184372088832
7777777777777
999999
10010000
137438953472
777777777777
34567890123456
12345678901234
1073741824
1000000
9999999999999
56789012345678
4398046511104
54321098765432
32109876543210
20000000000000
999989
777770000001
10001001
77777777777
274877906944
33554432
43210987654321
777777777
67890123456789
777700000001
20000000000001
3020000001
536870912
100100001
504030200000
23456789012345
17592186044416
134217728
268435456
34359738368
10000000000001
999990
70368744177664
999991
65432109876543
777700070000
100100000
2199023255552
1010001
777700700000
10987654321098
549755813888
89012345678901
1099511627776
777770000000
40302000000
76543210987654
40302000001
16777216
10001000
10000000
7777777777
19999999999999
