100
2
359 1 40000
157 1 71133
2
315 1 681572657
156 1 715484410
2
130 1 1000000000
276 1 227909927
2
32 1 953488651
201 1 644913342
2
344 1 481205400
238 1 149632969
2
73 1 126125193
253 1 561923367
2
133 1 803855023
234 1 679487753
2
281 1 827566489
149 1 76522214
2
323 1 306033134
28 1 589523599
1
180 2 1
2
99 1 754392290
337 1 948192054
2
351 1 781597034
194 1 294182480
2
129 1 651039617
239 1 513499487
2
306 1 597717085
193 1 707337607
2
87 1 351895716
133 1 837755948
2
247 1 67834748
39 1 665553805
2
180 1 30
180 1 10
2
35 1 287184810
122 1 73219806
2
206 1 777946961
214 1 459169812
2
205 1 944106794
171 1 31645754
2
175 1 69846660
44 1 742492673
2
299 1 836731714
322 1 487930436
2
43 1 680397980
14 1 189746293
2
99 1 503146605
336 1 890715730
2
208 1 497939461
291 1 93395943
2
77 1 52507325
353 1 185124985
2
341 1 943243947
1 1 949719587
2
327 1 986795218
54 1 733513589
2
230 1 344967091
114 1 968796050
2
338 1 854663772
304 1 598032923
2
269 1 481857055
271 1 393878709
2
132 1 124687526
197 1 329812195
2
326 1 376059556
285 1 893122626
2
106 1 3506955
57 1 505298457
2
186 1 410412283
282 1 581395260
2
187 1 72593147
32 1 56178799
2
225 1 953214061
212 1 808911151
2
217 1 496308166
58 1 409341508
2
28 1 172219885
33 1 454904753
2
230 1 642870315
279 1 365895006
2
188 1 219731071
189 1 205749775
2
83 1 617958380
279 1 24327987
2
269 1 830759075
57 1 697985240
2
266 1 800146577
230 1 856785266
2
311 1 833477809
91 1 978737126
2
334 1 659777716
154 1 279118781
2
302 1 793133318
156 1 549017002
2
350 1 103061311
204 1 255770859
2
216 1 577189314
257 1 689303580
2
24 1 440373053
115 1 744833357
2
81 1 686890229
148 1 728095994
2
147 1 774837036
74 1 448561413
2
145 1 915942682
248 1 183521359
2
199 1 479990922
214 1 259037176
2
294 1 970674920
209 1 489108054
2
356 1 400000000
51 1 471197411
2
221 1 519377915
174 1 931925674
2
44 1 95680604
26 1 736117089
2
238 1 457310435
105 1 925497374
2
133 1 80002586
259 1 926206185
2
234 1 359591623
324 1 452333301
2
211 1 792531051
134 1 245195425
2
358 1 213917356
78 1 17292095
2
290 1 622107562
334 1 777514140
2
311 1 898409913
231 1 567319200
2
279 1 7468430
164 1 696748831
2
282 1 634299541
74 1 524251703
2
349 1 87688233
19 1 466953178
2
132 1 270964125
98 1 962589138
2
19 1 616340500
93 1 413677471
2
191 1 878227187
60 1 571432838
2
272 1 722203603
41 1 165690462
2
192 1 581810620
47 1 514043069
2
28 1 67502461
306 1 467480280
2
161 1 399457291
289 1 278303752
2
332 1 818681867
284 1 317510719
2
111 1 315878837
206 1 652980566
2
120 1 691176685
170 1 123374529
2
265 1 5388399
55 1 122610299
2
30 1 286102734
51 1 98262038
2
217 1 212665993
236 1 383745045
2
1 1 13595186
246 1 378151290
2
21 1 248199636
289 1 60178109
2
233 1 578701214
181 1 412646597
2
55 1 408648126
96 1 101179786
2
82 1 538864453
138 1 266451092
2
198 1 91145259
30 1 563684881
2
63 1 585768687
62 1 127469351
2
319 1 45711030
196 1 168736998
2
102 1 641270234
248 1 785869977
2
180 1 1
180 1 100000
2
235 1 499843026
227 1 472299775
2
317 1 205902183
183 1 345122703
2
222 1 948291467
294 1 44931643
2
346 1 643467166
275 1 578398768
2
166 1 984203851
307 1 171699849
2
110 1 430925363
8 1 901450246
2
57 1 226122634
207 1 45123223
2
139 1 927029669
277 1 34519063
2
234 1 929117033
278 1 79674423
