100
2 10
0 1 2 3 4 5 6 7 8 9
3 1
13
1 5
6 6 6 6 6
2 4
3 1 8 9
3 10
10 9 8 7 6 5 4 3 2 1
4 10
10 9 8 7 6 5 4 3 2 1
3 10
0 1 2 3 4 5 6 7 8 9
4 10
0 1 2 3 4 5 6 7 8 9
1 6
5 4 3 2 1 0
4 5
9972 7479 4986 2493 0
4 10
1 2 4 8 16 32 64 128 256 512
4 10
4 8 16 32 64 128 256 512 1024 831
1 1
0
4 1
123
3 1
996
4 2
0 0
1 2
0 1
4 2
5234 5234
4 10
0 0 0 0 0 0 0 0 0 0
4 10
1 0 1 0 1 0 1 0 1 0
4 3
17 7276 8084
4 4
17 7276 8084 7147
3 3
359 363 367
4 3
8040 4024 2016
4 3
9972 8080 9854
4 10
44 2504 2504 2504 2504 2504 2504 2504 2504 2504
4 10
3682 2950 2950 2950 2950 2950 2950 2950 2950 2950
4 10
2840 4438 4438 4438 4438 4438 4438 4438 4438 4438
4 10
849 2208 2208 2208 2208 2208 2208 2208 2208 2208
4 10
4247 8473 8473 8473 8473 8473 8473 8473 8473 8473
4 2
2690 3129
4 3
2151 1077 1705
4 4
3728 1219 7326 1968
4 5
3199 710 894 4166 2790
4 6
3371 1587 1429 2877 4036 2440
3 4
90 420 530 251
4 3
4243 2196 504
4 4
5777 1449 5920 6471
3 3
100 216 127
3 4
677 620 31 384
4 3
3591 2256 442
3 4
78 30 184 56
4 3
6835 6628 1276
4 4
1017 1059 992 146
3 3
406 573 76
4 4
1064 1221 1126 678
3 3
20 47 143
3 4
41 227 439 53
4 3
4390 5058 3697
3 4
441 185 529 477
3 3
608 178 330
4 4
1181 1093 685 385
4 3
7113 3890 2163
4 4
1129 1450 151 1847
3 3
2 17 93
4 4
6041 2821 1233 4945
4 3
365 390 1169
4 4
8549 6340 8854 7788
3 3
50 280 197
3 10
741 742 743 744 745 746 747 748 749 750
4 10
9723 9725 9727 9729 9731 9733 9735 9737 9739 9741
3 10
287 290 293 296 299 302 305 308 311 314
2 3
4 4 4
3 3
432 306 390
4 3
1060 510 510
4 6
1300 833 2185 922 1706 661
4 8
65 41 31 38 13 64 35 62
4 7
6012 1181 4317 4299 5315 2364 4930
4 6
32 4 34 8 42 24
4 9
9651 6353 5972 9426 3495 1245 1822 3147 4859
4 9
13 12 14 10 18 2 11 16 6
4 3
265 100 608
4 5
785 491 382 394 415
4 9
28 11 102 69 64 34 47 125 14
4 3
900 75 464
4 4
3276 160 1050 1803
4 6
14 17 1 31 37 5
4 4
26 35 12 29
4 5
152 197 61 366 219
4 7
31 4 35 54 57 61 44
4 8
245 185 342 23 215 657 576 119
4 6
370 572 394 528 90 316
4 4
275 530 125 616
4 7
20 1 1 1 1 1 1
4 6
30 205 200 242 65 204
4 10
454 576 242 568 411 612 977 370 855 704
4 10
1348 6533 3540 2231 1061 2430 3699 4803 3985 4615
4 3
63 104 98
4 4
2045 1528 3535 2037
4 9
16 3 0 15 8 9 4 12 6
4 10
141 864 460 643 760 132 989 164 323 441
4 4
82 30 51 10
4 9
1680 638 743 1458 1068 354 589 1542 1640
4 5
1609 946 2936 2627 3795
4 10
23 52 76 13 56 21 35 65 53 40
4 5
180 398 228 131 259
4 10
24 69 41 60 4 42 1 6 66 5
4 10
17 8 43 61 64 28 22 21 33 35
4 7
58 70 246 242 91 0 235
4 9
9 11 14 10 4 12 7 8 1
