100
2 0.0007 64.9262
0.0009 45.7246
0.0008 64.9262
2 0.0003 85.6766
100.0000 85.5755
99.9991 94.1844
2 99.9990 35.3921
0.0008 50.5448
0.0008 20.2394
2 0.0009 21.2438
100.0000 21.2438
0.0010 46.3833
2 99.9995 2.5909
99.9994 86.5817
99.9997 2.5909
2 0.0006 56.3779
0.0007 56.3779
99.9990 99.2168
2 0.0009 44.3240
99.9999 44.4902
45.6844 27.2391
2 0.0005 49.7673
0.0010 49.7673
99.9995 38.4329
2 6.9936 90.6462
99.9991 90.6467
0.0005 0.4126
2 99.9995 64.8684
0.0007 64.2700
0.0001 65.1164
2 0.0005 59.9969
0.0002 22.2844
99.9999 97.7093
2 0.1063 0.1000
4.2758 0.1000
47.0327 19.5612
2 0.0005 86.1452
99.9999 86.1452
99.9992 50.7340
2 100.0000 88.3984
0.0001 88.3983
99.9999 88.3984
2 99.9990 50.7319
99.9993 27.1755
99.9993 50.8373
2 0.0010 16.5836
0.0011 80.5562
0.0008 16.5614
2 0.0011 72.0565
0.0011 47.3128
0.0006 96.8002
2 5.0000 99.9000
30.0000 99.8999
20.0000 99.7000
2 99.9997 92.1935
99.9999 92.1931
0.0007 3.9690
2 0.0007 85.3073
99.9995 85.3073
99.9993 55.6553
2 67.2082 49.2615
10.7712 55.5571
33.1746 85.1532
2 99.9993 79.0721
99.9997 3.7090
99.9994 79.0721
2 0.0006 7.8226
0.0004 11.7039
0.0005 3.9413
1 22.4545 99.9000
0.4518 1.6319
1 81.5290 6.9635
25.0071 6.9645
2 0.0010 16.4174
0.0010 3.6016
0.0004 16.4174
2 100.0000 75.6127
70.0263 75.6127
27.0364 27.7990
2 0.0008 33.9458
0.0009 33.9458
14.6263 82.3367
2 100.0000 88.3983
99.9999 88.3984
0.0001 88.3983
2 99.9998 21.4992
0.0011 25.5560
99.9995 21.4992
2 24.5962 24.2627
0.0001 24.2627
0.0002 24.2627
2 99.9995 51.9335
0.0005 73.0136
99.9994 30.8535
2 0.0005 15.1405
99.9998 80.8169
0.0008 15.1405
2 99.9995 28.7422
80.3785 0.1692
99.9999 28.7422
2 16.4390 0.1000
90.1300 42.9022
30.0698 55.4396
1 10.0000 50.0000
0.2000 50.0000
2 91.9283 99.9000
56.5136 99.9000
85.6512 94.1145
1 8.4221 74.8176
2.8650 49.0568
2 0.0005 35.6591
0.0008 35.8347
0.0010 23.2388
2 0.0008 32.6205
99.9993 26.5784
4.6729 32.6205
2 0.0003 46.6025
0.0004 46.6025
99.9990 49.6526
2 39.7535 73.9599
74.8860 55.9340
55.9693 55.9340
2 100.0000 65.1587
0.0001 65.1587
99.9999 65.1586
2 17.4601 3.1689
80.5916 92.7028
91.2827 29.8336
2 99.7072 20.6886
42.4614 47.6237
84.7188 20.6896
2 0.0007 60.4344
0.0004 60.4344
0.0006 24.8668
2 0.0007 55.5538
99.9995 67.3007
100.0000 43.8069
2 0.0004 80.5944
0.0008 77.8270
0.0165 80.5944
2 99.9993 37.0763
99.9998 37.0774
99.9991 97.1341
1 14.8435 69.1261
19.5230 0.7315
2 0.0003 28.6016
100.0000 62.3268
0.0009 28.5677
2 26.3766 88.5682
28.0119 66.3390
66.4804 88.5674
2 0.0001 51.2145
99.9991 51.5645
99.9993 45.9739
2 0.0008 81.3541
0.0008 87.5855
0.0010 75.1226
2 99.9992 22.8878
99.9992 95.5143
0.0003 22.8638
2 0.0002 13.0716
99.9993 84.1472
100.0000 13.0716
2 99.9997 88.1058
99.9998 88.1058
99.9996 5.0240
2 99.9995 3.6640
0.0008 3.6640
0.0006 69.1358
2 25.4309 90.8108
90.5140 90.8108
10.1395 90.8108
2 99.9991 93.4675
0.0003 20.3428
0.0004 93.4675
2 99.4808 76.9326
99.9999 76.9326
100.0000 76.9326
2 30.0000 65.4321
0.0001 50.0000
100.0000 99.9000
2 37.8160 43.3039
99.9999 43.3039
100.0000 43.3039
2 99.9993 1.6624
99.9996 52.0640
99.9992 1.6604
2 0.0001 77.2831
0.0001 97.3911
0.0001 57.1751
2 47.6656 34.4940
99.9999 34.4940
100.0000 34.4940
2 99.9994 75.9636
0.0011 75.9636
0.0002 9.3731
2 0.0010 44.9242
99.9997 62.9813
99.9998 44.9242
2 99.9997 7.8468
0.0001 6.1605
0.0001 9.5332
2 100.0000 99.4293
99.9999 99.4293
0.0001 15.0653
1 25.5247 11.7990
67.2402 11.7990
2 99.9997 84.0279
0.0001 6.7778
0.0005 84.0279
2 99.9996 73.7905
0.0004 73.7905
99.9999 25.5734
2 99.9994 54.6614
99.9992 12.6906
0.0010 55.0444
2 59.1081 96.8236
85.9566 98.5488
45.9915 93.5993
2 0.0001 0.1000
0.0001 0.1001
0.0001 0.1002
2 99.9996 2.5492
42.1065 97.9137
99.9994 2.5492
2 91.0147 83.8756
25.7523 99.8575
5.0826 2.8994
2 99.9997 79.8829
99.9999 79.7794
0.0010 97.4483
2 0.0001 0.1001
0.0001 0.1000
0.0001 0.1003
2 100.0000 53.2515
99.9996 3.2294
0.0007 53.5100
2 0.0003 82.2671
81.9456 67.5475
0.0004 82.5390
2 100.0000 65.1586
99.9999 65.1586
0.0001 65.1587
2 99.9998 44.9488
0.0006 1.6677
99.9997 44.9488
2 99.9992 78.6842
99.9997 76.5025
30.4838 80.8660
2 99.9994 60.0401
99.9999 41.1354
99.9993 78.9448
2 99.9999 75.3896
0.0009 96.0533
0.0009 75.3045
2 0.0009 15.6410
0.0003 64.5324
0.0006 15.6410
2 0.0002 40.8529
99.9996 7.4433
0.0009 40.9189
2 0.0002 62.9276
99.9999 6.0732
99.9999 62.9276
2 0.0001 97.4939
49.4444 99.1649
65.9331 95.8228
2 99.9990 34.7452
99.9992 96.0450
0.0002 34.7070
2 99.9999 30.7320
99.9992 30.7320
99.9991 88.4992
2 0.0009 25.4741
0.0003 12.3417
99.9999 38.6065
2 99.9994 1.1962
0.0002 57.8982
99.9991 1.1962
2 0.0008 4.7100
99.9990 4.7045
0.0009 75.3414
2 100.0000 41.7031
59.5163 20.0445
55.9359 63.3617
2 99.9991 56.6703
99.9995 56.6703
0.0004 52.0547
2 0.0010 11.6046
99.9994 3.0104
99.9994 20.1989
2 0.0009 78.0372
99.9994 39.0043
99.9999 78.1342
